lastAccountName: bluefox1999
timestamps:
  login: 1472592892693
  lastteleport: 1472595588938
  logout: 1472598935090
ipAddress: 188.220.138.125
homes:
  home:
    world: world
    x: -150.5535770466272
    y: 80.0
    z: 410.6237046954897
    yaw: -245.10277
    pitch: 12.096494
lastlocation:
  world: world
  x: -204.30458773438252
  y: 64.0
  z: 505.2315055694871
  yaw: -177.75934
  pitch: 33.487064
logoutlocation:
  world: world
  x: -148.6999999880791
  y: 80.0
  z: 410.94557587481455
  yaw: 98.64944
  pitch: 10.295495
godmode: false
