lastAccountName: AidenMoMo
timestamps:
  login: 1472168246089
  logout: 1472172043764
  lastteleport: 1472169568986
ipAddress: 73.251.23.206
logoutlocation:
  world: world
  x: -2351.160565714792
  y: 103.5
  z: 144.03760670989274
  yaw: -152.09521
  pitch: 9.449822
nickname: PREGNAT_GNAT
lastlocation:
  world: world
  x: -2392.720545066945
  y: 63.0
  z: 154.69999998807907
  yaw: -18.73954
  pitch: 29.399952
afk: false
homes:
  home:
    world: world
    x: -2346.7024913473747
    y: 104.0
    z: 137.34116129701928
    yaw: 358.96094
    pitch: 19.94997
godmode: false
