lastAccountName: AidenMoMo
timestamps:
  login: 1472158303608
  logout: 1472158313702
  lastteleport: 1471990440827
ipAddress: 73.251.23.206
logoutlocation:
  world: world
  x: -2349.4551939821367
  y: 104.0
  z: 138.7109252997769
  yaw: 249.612
  pitch: 12.749947
nickname: happyspike
lastlocation:
  world: world
  x: -2351.699999988079
  y: 96.02442408821369
  z: 150.56399243586077
  yaw: -215.24976
  pitch: 22.949944
afk: false
homes:
  home:
    world: world
    x: -2346.7024913473747
    y: 104.0
    z: 137.34116129701928
    yaw: 358.96094
    pitch: 19.94997
godmode: false
