lastAccountName: AidenMoMo
timestamps:
  login: 1471994207094
  logout: 1471994530884
  lastteleport: 1471990440827
ipAddress: 73.251.23.206
logoutlocation:
  world: world
  x: -2328.6423556682985
  y: 88.0
  z: 293.42720668435135
  yaw: -181.49924
  pitch: 30.449972
nickname: happyspike
lastlocation:
  world: world
  x: -2332.398576002114
  y: 82.0
  z: 288.85270990767594
  yaw: -331.95258
  pitch: 35.850006
afk: false
homes:
  home:
    world: world
    x: -2332.398576002114
    y: 82.0
    z: 288.85270990767594
    yaw: -331.95258
    pitch: 35.850006
godmode: false
