lastAccountName: AidenMoMo
timestamps:
  login: 1472517766705
  logout: 1472519098986
  lastteleport: 1472519083132
ipAddress: 73.251.23.206
logoutlocation:
  world: world
  x: -2350.2583212653303
  y: 104.0
  z: 139.04601943045483
  yaw: 97.51114
  pitch: 47.69997
nickname: cockner
lastlocation:
  world: world
  x: -2371.0595157742573
  y: 64.0
  z: 106.40570015364332
  yaw: -9.88836
  pitch: 17.400045
afk: false
homes:
  home:
    world: world
    x: -2346.7024913473747
    y: 104.0
    z: 137.34116129701928
    yaw: 358.96094
    pitch: 19.94997
godmode: false
