lastAccountName: AidenMoMo
timestamps:
  login: 1471915011614
  logout: 1471915048376
ipAddress: 73.251.23.206
logoutlocation:
  world: world
  x: -387.06569482921935
  y: 82.0
  z: 130.05952428045123
  yaw: -24.000418
  pitch: -2.9997308
