lastAccountName: KhristaTilley
timestamps:
  login: 1471209182444
  logout: 1471211213560
ipAddress: 174.117.236.158
logoutlocation:
  world: world
  x: -163.80404262412213
  y: 64.5
  z: -4.053300441700374
  yaw: 203.5462
  pitch: 12.60035
