lastAccountName: KhristaTilley
timestamps:
  login: 1471231286819
  logout: 1471231301659
ipAddress: 174.117.236.158
logoutlocation:
  world: world
  x: -163.80404262412213
  y: 64.5
  z: -4.053300441700374
  yaw: 2.2462218
  pitch: -1.3496497
