lastAccountName: CallMeMeggy
timestamps:
  login: 1472416774686
  lastteleport: 1472416818101
  logout: 1472416883384
ipAddress: 86.0.177.231
lastlocation:
  world: world_the_end
  x: 69.87772969466738
  y: 50.0
  z: 1.1697142672039
  yaw: 88.3114
  pitch: 23.335533
logoutlocation:
  world: world
  x: -42.45439388018007
  y: 68.0
  z: 119.30000001192094
  yaw: -257.53888
  pitch: 25.958733
