lastAccountName: LAPSLIE
timestamps:
  login: 1471541954264
  logout: 1471555481806
  lastteleport: 1471553486247
ipAddress: 86.150.151.18
lastlocation:
  world: world_nether
  x: 221.14933886012733
  y: 42.0
  z: 336.00303921012375
  yaw: 176.85248
  pitch: 1.3498122
logoutlocation:
  world: world
  x: -4742.047706254281
  y: 95.0
  z: 10544.29865440199
  yaw: 0.033325195
  pitch: 5.100061
afk: false
homes:
  home:
    world: world
    x: -4741.948277208021
    y: 95.0
    z: 10543.490415540968
    yaw: -357.9702
    pitch: 9.450049
nickname: wonder_woman
