lastAccountName: LAPSLIE
timestamps:
  login: 1471956417343
  logout: 1471964399231
  lastteleport: 1471963854574
ipAddress: 5.80.138.16
lastlocation:
  world: world
  x: -4697.799488390401
  y: 62.0
  z: 10389.86277525878
  yaw: 42.07959
  pitch: 5.7001004
logoutlocation:
  world: world
  x: -4659.820939956753
  y: 63.0
  z: 10366.9341684193
  yaw: -204.82019
  pitch: 15.149957
afk: false
homes:
  home:
    world: world
    x: -4741.948277208021
    y: 95.0
    z: 10543.490415540968
    yaw: -357.9702
    pitch: 9.450049
nickname: DARKSEID
