lastAccountName: LAPSLIE
timestamps:
  login: 1472001534057
  logout: 1472007871007
  lastteleport: 1472007201416
ipAddress: 5.80.138.16
lastlocation:
  world: world
  x: -4367.88494571776
  y: 78.0
  z: 9504.78459386807
  yaw: -45.52722
  pitch: 22.35
logoutlocation:
  world: world
  x: -4741.997104333948
  y: 93.0
  z: 10530.512619628214
  yaw: -180.07153
  pitch: 10.350022
afk: false
homes:
  home:
    world: world
    x: -4741.948277208021
    y: 95.0
    z: 10543.490415540968
    yaw: -357.9702
    pitch: 9.450049
nickname: DARKSEID
