lastAccountName: LAPSLIE
timestamps:
  login: 1471487189016
  logout: 1471488743378
  lastteleport: 1471488708794
ipAddress: 86.150.151.18
lastlocation:
  world: world
  x: -4740.531441623671
  y: 63.0
  z: 10519.540298414464
  yaw: 197.99994
  pitch: 12.150105
logoutlocation:
  world: world
  x: -4742.5
  y: 93.0
  z: 10533.5
  yaw: -183.82043
  pitch: 38.400055
afk: false
homes:
  home:
    world: world
    x: -4741.948277208021
    y: 95.0
    z: 10543.490415540968
    yaw: -357.9702
    pitch: 9.450049
nickname: wounder_woman
