lastAccountName: LAPSLIE
timestamps:
  login: 1472150956268
  logout: 1472150896196
  lastteleport: 1472158576522
ipAddress: 5.80.138.16
lastlocation:
  world: world
  x: -39.76115443283748
  y: 68.0
  z: 259.8532276205475
  yaw: -0.89999604
  pitch: 10.049995
logoutlocation:
  world: world
  x: -1332.7438675657597
  y: 29.0
  z: -1729.4641504586102
  yaw: 56.849426
  pitch: 26.700037
afk: false
homes:
  home:
    world: world
    x: -4741.948277208021
    y: 95.0
    z: 10543.490415540968
    yaw: -357.9702
    pitch: 9.450049
nickname: DARKSEID
