lastAccountName: LAPSLIE
timestamps:
  login: 1471471676902
  logout: 1471471660241
  lastteleport: 1471485136016
ipAddress: 86.150.151.18
lastlocation:
  world: world
  x: -4748.010575039037
  y: 64.0
  z: 10517.199949501748
  yaw: -271.57007
  pitch: 28.200068
logoutlocation:
  world: world_nether
  x: -599.379482634408
  y: 210.0
  z: 1241.5692425774107
  yaw: 194.182
  pitch: 39.750153
afk: false
homes:
  home:
    world: world
    x: -4741.948277208021
    y: 95.0
    z: 10543.490415540968
    yaw: -357.9702
    pitch: 9.450049
nickname: wounder_woman
