lastAccountName: LAPSLIE
timestamps:
  login: 1472327618084
  logout: 1472170016178
  lastteleport: 1472329102788
ipAddress: 5.80.138.16
lastlocation:
  world: world
  x: -5053.171193608217
  y: 14.0
  z: 10607.832808324503
  yaw: -162.52124
  pitch: 30.750046
logoutlocation:
  world: world_nether
  x: -169.6387760022871
  y: 73.0
  z: -190.69999998807907
  yaw: -38.848938
  pitch: 23.850143
afk: false
homes:
  home:
    world: world
    x: -4741.948277208021
    y: 95.0
    z: 10543.490415540968
    yaw: -357.9702
    pitch: 9.450049
nickname: DARKSEID
