lastAccountName: LAPSLIE
timestamps:
  login: 1471292112476
  logout: 1471293953571
  lastteleport: 1471293690045
ipAddress: 86.150.151.18
lastlocation:
  world: world
  x: -4754.826097646644
  y: 84.0
  z: 10544.259571316332
  yaw: -139.98099
  pitch: 28.35002
logoutlocation:
  world: world
  x: -4740.408314457643
  y: 88.0
  z: 10528.169391232683
  yaw: -205.0855
  pitch: 77.85009
afk: false
homes:
  home:
    world: world
    x: -4742.048800183643
    y: 95.0
    z: 10544.470765993312
    yaw: -0.975248
    pitch: 4.5001764
nickname: PYROMANIAC
