lastAccountName: LAPSLIE
timestamps:
  login: 1471295429743
  logout: 1471296114981
  lastteleport: 1471293690045
ipAddress: 86.150.151.18
lastlocation:
  world: world
  x: -4728.300000011921
  y: 84.0
  z: 10544.699999988079
  yaw: 146.0646
  pitch: 9.450089
logoutlocation:
  world: world
  x: -4730.042830820932
  y: 85.0
  z: 10543.906140210896
  yaw: 145.34973
  pitch: 13.349997
afk: false
homes:
  home:
    world: world
    x: -4742.048800183643
    y: 95.0
    z: 10544.470765993312
    yaw: -0.975248
    pitch: 4.5001764
nickname: PYROMANIAC
