lastAccountName: LAPSLIE
timestamps:
  login: 1471112896957
  logout: 1471121046676
  lastteleport: 1471121043217
ipAddress: 86.150.151.18
lastlocation:
  world: world_nether
  x: -614.8960920197088
  y: 67.0
  z: 1199.429231183206
  yaw: 198.51855
  pitch: 16.50028
logoutlocation:
  world: world
  x: -4754.5
  y: 63.0
  z: 10525.5
  yaw: 116.47479
  pitch: 26.550138
afk: false
homes:
  home:
    world: world
    x: -4754.447901879986
    y: 63.0
    z: 10525.179472662005
    yaw: 116.47479
    pitch: 26.550138
nickname: PYROMANIAC
