lastAccountName: LAPSLIE
timestamps:
  login: 1472083189474
  logout: 1472084933673
  lastteleport: 1472084662209
ipAddress: 5.80.138.16
lastlocation:
  world: world
  x: -4731.84873630487
  y: 64.0
  z: 10544.749911264715
  yaw: -233.62036
  pitch: 14.850042
logoutlocation:
  world: world
  x: -1320.300000011921
  y: 30.0
  z: -1733.3627930778514
  yaw: 57.00025
  pitch: 18.149921
afk: false
homes:
  home:
    world: world
    x: -4741.948277208021
    y: 95.0
    z: 10543.490415540968
    yaw: -357.9702
    pitch: 9.450049
nickname: DARKSEID
