lastAccountName: LAPSLIE
timestamps:
  login: 1471816957821
  logout: 1471826152636
  lastteleport: 1471823862547
ipAddress: 5.80.138.16
lastlocation:
  world: world
  x: -5075.415008752357
  y: 16.0
  z: 10499.221193060586
  yaw: 100.74709
  pitch: 15.30009
logoutlocation:
  world: world
  x: -4737.18816239554
  y: 92.7125
  z: 10539.5
  yaw: 180.82703
  pitch: 5.70002
afk: false
homes:
  home:
    world: world
    x: -4741.948277208021
    y: 95.0
    z: 10543.490415540968
    yaw: -357.9702
    pitch: 9.450049
nickname: flash
