lastAccountName: LAPSLIE
timestamps:
  login: 1472333619182
  logout: 1472339990323
  lastteleport: 1472339961849
ipAddress: 5.80.138.16
lastlocation:
  world: world
  x: -4270.55601781878
  y: 48.0
  z: 11345.10576994379
  yaw: -34.080933
  pitch: 29.549992
logoutlocation:
  world: world
  x: -4732.683219980181
  y: 64.0
  z: 10544.501369135998
  yaw: -48.82007
  pitch: -50.999966
afk: false
homes:
  home:
    world: world
    x: -4741.948277208021
    y: 95.0
    z: 10543.490415540968
    yaw: -357.9702
    pitch: 9.450049
nickname: DARKSEID
