lastAccountName: LAPSLIE
timestamps:
  login: 1472167863624
  logout: 1472170016178
  lastteleport: 1472168232731
ipAddress: 5.80.138.16
lastlocation:
  world: world
  x: -4738.743524046038
  y: 63.0
  z: 10520.272740514365
  yaw: -176.02036
  pitch: 25.350018
logoutlocation:
  world: world_nether
  x: -169.6387760022871
  y: 73.0
  z: -190.69999998807907
  yaw: -38.848938
  pitch: 23.850143
afk: false
homes:
  home:
    world: world
    x: -4741.948277208021
    y: 95.0
    z: 10543.490415540968
    yaw: -357.9702
    pitch: 9.450049
nickname: DARKSEID
