lastAccountName: AlmostJesus
timestamps:
  login: 1472056806267
  logout: 1472057019354
  lastteleport: 1472017761350
ipAddress: 174.117.23.186
logoutlocation:
  world: world
  x: 7558.1616920165025
  y: 168.0
  z: 9491.699999988079
  yaw: -175.52881
  pitch: 22.649553
lastlocation:
  world: world
  x: -39.76115443283748
  y: 68.0
  z: 259.8532276205475
  yaw: -0.89999604
  pitch: 10.049995
homes:
  home:
    world: world
    x: 7558.096371500253
    y: 168.0
    z: 9485.786441651182
    yaw: 172.73874
    pitch: 28.049734
afk: false
