lastAccountName: AlmostJesus
timestamps:
  login: 1471630443548
  logout: 1471579434867
  lastteleport: 1471635748135
ipAddress: 174.117.23.186
logoutlocation:
  world: world
  x: 7558.339226551074
  y: 168.0
  z: 9490.214977698712
  yaw: -183.96246
  pitch: 9.149723
lastlocation:
  world: world
  x: 7561.843709340503
  y: 63.0
  z: 9446.699999988079
  yaw: -257.91348
  pitch: 9.599741
homes:
  home:
    world: world
    x: 7558.096371500253
    y: 168.0
    z: 9485.786441651182
    yaw: 172.73874
    pitch: 28.049734
afk: false
