lastAccountName: AlmostJesus
timestamps:
  login: 1472258071787
  logout: 1472258202108
  lastteleport: 1472237365376
ipAddress: 174.117.23.186
logoutlocation:
  world: world
  x: 7504.443665213303
  y: 69.0
  z: 9470.17364892702
  yaw: -77.31152
  pitch: -28.500278
lastlocation:
  world: world
  x: -39.76115443283748
  y: 68.0
  z: 259.8532276205475
  yaw: -0.89999604
  pitch: 10.049995
homes:
  home:
    world: world
    x: 7558.096371500253
    y: 168.0
    z: 9485.786441651182
    yaw: 172.73874
    pitch: 28.049734
afk: false
