lastAccountName: AlmostJesus
timestamps:
  login: 1471406092957
  logout: 1471414029584
  lastteleport: 1471413670705
ipAddress: 174.117.23.186
logoutlocation:
  world: world
  x: 962.3000000119209
  y: 109.0
  z: 767.3000000119209
  yaw: -25.046265
  pitch: 16.349983
lastlocation:
  world: world
  x: 4397.157300453108
  y: 68.0
  z: 777.3683242217977
  yaw: -48.758423
  pitch: 12.000211
homes:
  home:
    world: world
    x: 964.0050085324326
    y: 109.0
    z: 768.5641285257929
    yaw: -312.5968
    pitch: 28.799938
