lastAccountName: AlmostJesus
timestamps:
  login: 1471300705828
  logout: 1471302136956
ipAddress: 174.117.23.186
logoutlocation:
  world: world
  x: -40.69999998807907
  y: 66.0
  z: 212.3000000119209
  yaw: -356.70032
  pitch: 18.45001
lastlocation:
  world: world
  x: -102.84910212052405
  y: 79.0
  z: -40.62941080012852
  yaw: -104.97095
  pitch: 3.0000377
