lastAccountName: AlmostJesus
timestamps:
  login: 1472163537951
  logout: 1472163662103
  lastteleport: 1472163659527
ipAddress: 174.117.23.186
logoutlocation:
  world: world
  x: 7558.5
  y: 168.0
  z: 9485.5
  yaw: 172.73874
  pitch: 28.049734
lastlocation:
  world: world
  x: 7513.74790968419
  y: 69.0
  z: 9485.814216214345
  yaw: -89.460785
  pitch: 4.949717
homes:
  home:
    world: world
    x: 7558.096371500253
    y: 168.0
    z: 9485.786441651182
    yaw: 172.73874
    pitch: 28.049734
afk: false
