lastAccountName: AlmostJesus
timestamps:
  login: 1472416312365
  logout: 1472417253163
  lastteleport: 1472417151090
ipAddress: 174.117.23.186
logoutlocation:
  world: world
  x: 7537.156952115151
  y: 153.0
  z: 9486.43064829069
  yaw: -148.41124
  pitch: 21.299728
lastlocation:
  world: world
  x: -139.44047674080787
  y: 71.0
  z: -53.181053878201084
  yaw: 109.29984
  pitch: 30.299963
homes:
  home:
    world: world
    x: 7558.096371500253
    y: 168.0
    z: 9485.786441651182
    yaw: 172.73874
    pitch: 28.049734
afk: false
