lastAccountName: AlmostJesus
timestamps:
  login: 1471569991352
  logout: 1471579434867
  lastteleport: 1471579259187
ipAddress: 174.117.23.186
logoutlocation:
  world: world
  x: 7558.339226551074
  y: 168.0
  z: 9490.214977698712
  yaw: -183.96246
  pitch: 9.149723
lastlocation:
  world: world
  x: -57.699999988079085
  y: 72.0
  z: 65.69999998807907
  yaw: -121.80051
  pitch: 23.399975
homes:
  home:
    world: world
    x: 7558.096371500253
    y: 168.0
    z: 9485.786441651182
    yaw: 172.73874
    pitch: 28.049734
afk: false
