lastAccountName: AlmostJesus
timestamps:
  login: 1471485169082
  logout: 1471494436442
  lastteleport: 1471494408872
ipAddress: 174.117.23.186
logoutlocation:
  world: world
  x: 7558.5
  y: 168.0
  z: 9485.5
  yaw: 172.73874
  pitch: 28.049734
lastlocation:
  world: world
  x: 7530.621644611764
  y: 64.0
  z: 9532.117932891275
  yaw: 140.3363
  pitch: 14.700019
homes:
  home:
    world: world
    x: 7558.096371500253
    y: 168.0
    z: 9485.786441651182
    yaw: 172.73874
    pitch: 28.049734
afk: false
