lastAccountName: AlmostJesus
timestamps:
  login: 1471846642156
  logout: 1471848931839
  lastteleport: 1471848905925
ipAddress: 174.117.23.186
logoutlocation:
  world: world
  x: 7557.7846681989595
  y: 168.0
  z: 9478.540437352609
  yaw: -8.011354
  pitch: 14.249732
lastlocation:
  world: world
  x: 7534.300000011921
  y: 68.0
  z: 9437.338808603496
  yaw: -235.41638
  pitch: 30.449665
homes:
  home:
    world: world
    x: 7558.096371500253
    y: 168.0
    z: 9485.786441651182
    yaw: 172.73874
    pitch: 28.049734
afk: false
