lastAccountName: AlmostJesus
timestamps:
  login: 1472430250111
  logout: 1472432557963
  lastteleport: 1472432473951
ipAddress: 174.117.23.186
logoutlocation:
  world: world
  x: 7558.878411290411
  y: 187.0
  z: 9487.914298858046
  yaw: -190.72296
  pitch: 22.949856
lastlocation:
  world: world
  x: -39.36301261048517
  y: 68.0
  z: 256.4314347000022
  yaw: -181.24994
  pitch: 1.9499964
homes:
  home:
    world: world
    x: 7558.096371500253
    y: 168.0
    z: 9485.786441651182
    yaw: 172.73874
    pitch: 28.049734
afk: false
