lastAccountName: AlmostJesus
timestamps:
  login: 1471991665473
  logout: 1471992079126
  lastteleport: 1471991948316
ipAddress: 174.117.23.186
logoutlocation:
  world: world
  x: -78.23628843170624
  y: 84.0
  z: -73.25722504773492
  yaw: 224.10075
  pitch: 22.20001
lastlocation:
  world: world
  x: -39.76115443283748
  y: 68.0
  z: 259.8532276205475
  yaw: -36.749992
  pitch: 14.5499935
homes:
  home:
    world: world
    x: 7558.096371500253
    y: 168.0
    z: 9485.786441651182
    yaw: 172.73874
    pitch: 28.049734
afk: false
