lastAccountName: AlmostJesus
timestamps:
  login: 1471733840226
  logout: 1471737256985
  lastteleport: 1471734916653
ipAddress: 174.117.23.186
logoutlocation:
  world: world
  x: 7556.861127740351
  y: 187.0
  z: 9482.743018387264
  yaw: 209.78293
  pitch: 21.599987
lastlocation:
  world: world
  x: 7446.536718657242
  y: 62.64255753286907
  z: 10468.204925150361
  yaw: 44.78272
  pitch: 1.2000093
homes:
  home:
    world: world
    x: 7558.096371500253
    y: 168.0
    z: 9485.786441651182
    yaw: 172.73874
    pitch: 28.049734
afk: false
