lastAccountName: AlmostJesus
timestamps:
  login: 1472101932813
  logout: 1472102017642
  lastteleport: 1472079157447
ipAddress: 174.117.23.186
logoutlocation:
  world: world
  x: 7549.648694515126
  y: 177.0
  z: 9480.430754709721
  yaw: -318.86838
  pitch: 25.200035
lastlocation:
  world: world
  x: 7516.733315997057
  y: 158.48957053448075
  z: 9430.059815252855
  yaw: -343.56488
  pitch: 21.149914
homes:
  home:
    world: world
    x: 7558.096371500253
    y: 168.0
    z: 9485.786441651182
    yaw: 172.73874
    pitch: 28.049734
afk: false
