lastAccountName: AlmostJesus
timestamps:
  login: 1471971314034
  logout: 1471971390990
  lastteleport: 1471928872880
ipAddress: 174.117.23.186
logoutlocation:
  world: world
  x: 7553.479919954834
  y: 182.0
  z: 9480.86168982626
  yaw: -40.71112
  pitch: 29.999744
lastlocation:
  world: world
  x: 7494.970576227641
  y: 64.0
  z: 9403.118548409242
  yaw: -321.79684
  pitch: 7.4998546
homes:
  home:
    world: world
    x: 7558.096371500253
    y: 168.0
    z: 9485.786441651182
    yaw: 172.73874
    pitch: 28.049734
afk: false
