lastAccountName: AlmostJesus
timestamps:
  login: 1471656279127
  logout: 1471656815899
  lastteleport: 1471656639896
ipAddress: 174.117.23.186
logoutlocation:
  world: world
  x: 7558.619183583637
  y: 168.0
  z: 9489.840030619629
  yaw: 153.68896
  pitch: 30.299726
lastlocation:
  world: world
  x: 7705.11504289807
  y: 63.0
  z: 9532.611338996709
  yaw: -252.50842
  pitch: 9.150088
homes:
  home:
    world: world
    x: 7558.096371500253
    y: 168.0
    z: 9485.786441651182
    yaw: 172.73874
    pitch: 28.049734
afk: false
