lastAccountName: AlmostJesus
timestamps:
  login: 1471485169082
  logout: 1471475200372
  lastteleport: 1471485399509
ipAddress: 174.117.23.186
logoutlocation:
  world: world
  x: 7868.300000011921
  y: 34.0
  z: 9483.699999988079
  yaw: -155.45099
  pitch: 41.40003
lastlocation:
  world: world
  x: 7950.522035682958
  y: 18.0
  z: 9539.062423790569
  yaw: -185.01105
  pitch: 42.29997
homes:
  home:
    world: world
    x: 7558.096371500253
    y: 168.0
    z: 9485.786441651182
    yaw: 172.73874
    pitch: 28.049734
afk: false
