lastAccountName: AlmostJesus
timestamps:
  login: 1472058765866
  logout: 1472059941386
  lastteleport: 1472059751460
ipAddress: 174.117.23.186
logoutlocation:
  world: world
  x: 7558.293578970668
  y: 168.5
  z: 9487.836096759655
  yaw: 173.93701
  pitch: 8.3997755
lastlocation:
  world: world_the_end
  x: -661.3174542839164
  y: 61.0
  z: -5640.523019491829
  yaw: -15.566554
  pitch: 15.60014
homes:
  home:
    world: world
    x: 7558.096371500253
    y: 168.0
    z: 9485.786441651182
    yaw: 172.73874
    pitch: 28.049734
afk: false
