lastAccountName: AlmostJesus
timestamps:
  login: 1471399372124
  logout: 1471401041335
  lastteleport: 1471400722727
ipAddress: 174.117.23.186
logoutlocation:
  world: world
  x: 965.7624999880791
  y: 109.5625
  z: 770.085274530609
  yaw: -250.04932
  pitch: 20.99999
lastlocation:
  world: world
  x: 555.6999999880791
  y: 80.0
  z: 585.3000000119209
  yaw: -106.65747
  pitch: 20.4
homes:
  home:
    world: world
    x: 964.0050085324326
    y: 109.0
    z: 768.5641285257929
    yaw: -312.5968
    pitch: 28.799938
