lastAccountName: AlmostJesus
timestamps:
  login: 1471812438209
  logout: 1471811905921
  lastteleport: 1471831097242
ipAddress: 174.117.23.186
logoutlocation:
  world: world
  x: -17.47126150518045
  y: 64.5
  z: 210.02715820457075
  yaw: -90.29949
  pitch: 9.59996
lastlocation:
  world: world
  x: 7539.983669800607
  y: 153.0
  z: 9483.353454864911
  yaw: 276.2389
  pitch: 15.899747
homes:
  home:
    world: world
    x: 7558.096371500253
    y: 168.0
    z: 9485.786441651182
    yaw: 172.73874
    pitch: 28.049734
afk: false
