lastAccountName: AlmostJesus
timestamps:
  login: 1471630443548
  logout: 1471638754838
  lastteleport: 1471636658781
ipAddress: 174.117.23.186
logoutlocation:
  world: world
  x: 7559.699999988079
  y: 158.0
  z: 9490.643692742615
  yaw: -182.00244
  pitch: 13.65005
lastlocation:
  world: world_nether
  x: 895.5285946436192
  y: 54.0
  z: 1253.8219289901958
  yaw: 291.9898
  pitch: 12.600025
homes:
  home:
    world: world
    x: 7558.096371500253
    y: 168.0
    z: 9485.786441651182
    yaw: 172.73874
    pitch: 28.049734
afk: false
