lastAccountName: AlmostJesus
timestamps:
  login: 1472016766414
  logout: 1472017791393
  lastteleport: 1472017761350
ipAddress: 174.117.23.186
logoutlocation:
  world: world
  x: 7559.218370344436
  y: 168.0
  z: 9489.839379404597
  yaw: -195.18176
  pitch: 14.099614
lastlocation:
  world: world
  x: -39.76115443283748
  y: 68.0
  z: 259.8532276205475
  yaw: -0.89999604
  pitch: 10.049995
homes:
  home:
    world: world
    x: 7558.096371500253
    y: 168.0
    z: 9485.786441651182
    yaw: 172.73874
    pitch: 28.049734
afk: false
