lastAccountName: AlmostJesus
timestamps:
  login: 1471930942310
  logout: 1471930980563
  lastteleport: 1471928872880
ipAddress: 174.117.23.186
logoutlocation:
  world: world
  x: 7559.162211183765
  y: 168.0
  z: 9478.288188927303
  yaw: -312.51123
  pitch: 19.3497
lastlocation:
  world: world
  x: 7494.970576227641
  y: 64.0
  z: 9403.118548409242
  yaw: -321.79684
  pitch: 7.4998546
homes:
  home:
    world: world
    x: 7558.096371500253
    y: 168.0
    z: 9485.786441651182
    yaw: 172.73874
    pitch: 28.049734
afk: false
