lastAccountName: AlmostJesus
timestamps:
  login: 1471903808248
  logout: 1471905930048
  lastteleport: 1471905869130
ipAddress: 174.117.23.186
logoutlocation:
  world: world
  x: 7558.697256571164
  y: 168.0
  z: 9487.877231365834
  yaw: -354.21106
  pitch: 23.69973
lastlocation:
  world: world
  x: 7527.828808242656
  y: 64.0
  z: 9429.647464399835
  yaw: -354.35864
  pitch: 12.300047
homes:
  home:
    world: world
    x: 7558.096371500253
    y: 168.0
    z: 9485.786441651182
    yaw: 172.73874
    pitch: 28.049734
afk: false
