lastAccountName: AlmostJesus
timestamps:
  login: 1471812438209
  logout: 1471834141498
  lastteleport: 1471833468187
ipAddress: 174.117.23.186
logoutlocation:
  world: world
  x: 7558.384671768262
  y: 168.0
  z: 9490.808716347326
  yaw: 182.63843
  pitch: 14.84967
lastlocation:
  world: world_the_end
  x: -3841.122622972792
  y: 107.0
  z: -5366.699999988079
  yaw: 16.121094
  pitch: 0.45000324
homes:
  home:
    world: world
    x: 7558.096371500253
    y: 168.0
    z: 9485.786441651182
    yaw: 172.73874
    pitch: 28.049734
afk: false
