lastAccountName: beefsoup12
timestamps:
  login: 1471399234934
  kits:
    tools: 1470780007098
  lastteleport: 1471400895376
  logout: 1471400897204
ipAddress: 99.120.101.88
lastlocation:
  world: world
  x: -189.7704347191122
  y: 76.0
  z: -114.64850738986563
  yaw: 23.257568
  pitch: 35.307426
afk: false
homes:
  home:
    world: world
    x: -35.02015948953851
    y: 63.0
    z: 547.4645035725115
    yaw: 92.419106
    pitch: 31.745298
logoutlocation:
  world: world
  x: -35.5
  y: 63.0
  z: 547.5
  yaw: 92.419106
  pitch: 31.745298
nickname: egger51
