lastAccountName: Mr_Pickles1
timestamps:
  login: 1472394002464
  logout: 1472398905794
  lastteleport: 1472398809179
ipAddress: 174.124.184.162
nickname: PicklesTheOne
lastlocation:
  world: world
  x: 96.9461792521369
  y: 65.0
  z: 244.7126451502877
  yaw: -179.48743
  pitch: 10.049999
logoutlocation:
  world: world
  x: -907.3000000119209
  y: 60.5625
  z: 201.49777442074773
  yaw: -268.9826
  pitch: 22.050123
homes:
  home:
    world: world
    x: -907.5572856379611
    y: 60.5625
    z: 201.51205748942627
    yaw: -267.9325
    pitch: 17.100168
