lastAccountName: Mr_Pickles1
timestamps:
  login: 1472411925294
  logout: 1472413730885
  lastteleport: 1472409218671
ipAddress: 174.124.184.162
nickname: PicklesTheOne
lastlocation:
  world: world
  x: 119.57316977990713
  y: 57.0
  z: 257.5027576923285
  yaw: 215.94182
  pitch: 29.25004
logoutlocation:
  world: world
  x: -909.6372839517295
  y: 60.0
  z: 201.3373921238517
  yaw: 109.150566
  pitch: 34.64994
homes:
  home:
    world: world
    x: -907.5572856379611
    y: 60.5625
    z: 201.51205748942627
    yaw: -267.9325
    pitch: 17.100168
