lastAccountName: Mr_Pickles1
timestamps:
  login: 1472485942175
  logout: 1472486418702
  lastteleport: 1472475777137
ipAddress: 174.124.184.162
nickname: PicklesTheOne
lastlocation:
  world: world
  x: -871.5626643620698
  y: 23.0
  z: 271.30000001192093
  yaw: -183.63324
  pitch: -16.200045
logoutlocation:
  world: world
  x: -909.3412066460311
  y: 60.0
  z: 201.6530462248622
  yaw: 127.74637
  pitch: 28.499968
homes:
  home:
    world: world
    x: -907.5572856379611
    y: 60.5625
    z: 201.51205748942627
    yaw: -267.9325
    pitch: 17.100168
