lastAccountName: Ultimateblock189
timestamps:
  login: 1471720903336
  command-cooldowns: []
  logout: 1471722110423
ipAddress: 79.68.166.92
lastlocation:
  world: world
  x: -1033.300000011921
  y: 8.809211668140614
  z: 138.6541115673815
  yaw: -219.20386
  pitch: 3.2175875
logoutlocation:
  world: world
  x: -40.99554590059032
  y: 72.0
  z: 197.11755041835465
  yaw: -180.71231
  pitch: 24.723434
