lastAccountName: thecodezombie
timestamps:
  login: 1472506905763
  logout: 1472507197247
  lastteleport: 1472503175419
ipAddress: 176.12.107.140
logoutlocation:
  world: world
  x: 44.46318792531315
  y: 10.0
  z: -170.41448036767542
  yaw: -14.600924
  pitch: 34.65005
lastlocation:
  world: world
  x: -39.76133900488002
  y: 68.0
  z: 253.86348147770295
  yaw: -146.75002
  pitch: 8.699997
