lastAccountName: thecodezombie
timestamps:
  login: 1472230230317
  logout: 1472230599636
ipAddress: 81.174.244.11
logoutlocation:
  world: world
  x: -328.67506247033566
  y: 79.0
  z: -28.053326008504886
  yaw: -320.3999
  pitch: 23.399998
