lastAccountName: TheSilentPvP
timestamps:
  login: 1472071538082
  logout: 1472071897272
  lastteleport: 1472071799699
ipAddress: 75.110.44.183
logoutlocation:
  world: world
  x: -53.74809416816023
  y: 72.0
  z: 119.5458884341231
  yaw: -39.06514
  pitch: 45.581985
lastlocation:
  world: world
  x: -69.602814959832
  y: 81.0
  z: 52.06660270010906
  yaw: 128.68582
  pitch: 12.98493
