lastAccountName: Raexben
timestamps:
  login: 1470967384372
  logout: 1470967424894
ipAddress: 197.158.74.18
logoutlocation:
  world: world
  x: -68.1333561696931
  y: 64.0
  z: 237.59197468796282
  yaw: -267.26395
  pitch: 23.347204
lastlocation:
  world: world
  x: -254.69999998807907
  y: 60.200000047683716
  z: 625.4896616370622
  yaw: -311.04138
  pitch: -53.7696
