lastAccountName: Raexben
timestamps:
  login: 1471174827782
  logout: 1471175281914
ipAddress: 197.158.74.18
logoutlocation:
  world: world
  x: -72.1722763864895
  y: 64.0
  z: 213.97283494810551
  yaw: -147.45596
  pitch: 22.732769
lastlocation:
  world: world
  x: -31.38596808110663
  y: 68.0
  z: 268.5849604412606
  yaw: 22.732748
  pitch: 20.88962
