lastAccountName: Koreyban
timestamps:
  login: 1472071853076
  logout: 1472072051704
  lastteleport: 1472071560683
ipAddress: 162.156.100.142
logoutlocation:
  world: world
  x: -27.79713374376297
  y: 69.0
  z: 142.69999998807907
  yaw: -110.099266
  pitch: 12.449981
lastlocation:
  world: world
  x: -39.59792058802545
  y: 68.0
  z: 260.0445732935593
  yaw: 3.750004
  pitch: 13.049994
