lastAccountName: sneadel
timestamps:
  login: 1472167449406
  logout: 1472172040931
  lastteleport: 1472170865038
ipAddress: 98.20.244.127
logoutlocation:
  world: world
  x: -2300.8488855072474
  y: 68.0
  z: 84.30000001192099
  yaw: -175.78345
  pitch: 10.79357
lastlocation:
  world: world
  x: -39.76115443283748
  y: 68.0
  z: 259.8532276205475
  yaw: 152.32462
  pitch: 90.0
nickname: IncockIncest
afk: false
homes:
  home:
    world: world
    x: -2358.462067526979
    y: 79.0
    z: 244.98469094573014
    yaw: -117.58618
    pitch: 36.259182
