lastAccountName: sneadel
timestamps:
  login: 1472518365275
  logout: 1472519090222
  lastteleport: 1472519043471
ipAddress: 69.40.55.209
logoutlocation:
  world: world
  x: -2345.0865522046433
  y: 79.0
  z: 192.71763442497567
  yaw: -41.63678
  pitch: 24.28288
lastlocation:
  world: world
  x: -39.36301261048517
  y: 68.0
  z: 256.4314347000022
  yaw: -181.24994
  pitch: 1.9499964
nickname: cumdumpster_mom
afk: false
homes:
  home:
    world: world
    x: -2369.5726073461574
    y: 67.0
    z: 86.6447732747529
    yaw: -95.75413
    pitch: 6.2971563
