lastAccountName: sneadel
timestamps:
  login: 1471994239828
  logout: 1471994513961
  lastteleport: 1471994293402
ipAddress: 71.29.44.63
logoutlocation:
  world: world
  x: -42.67554586687786
  y: 68.0
  z: 259.16913159465724
  yaw: 349.94287
  pitch: -90.0
lastlocation:
  world: world
  x: -2299.013480317036
  y: 78.0
  z: 256.3971971412316
  yaw: 260.2457
  pitch: 36.93765
nickname: sneads
afk: false
homes:
  home:
    world: world
    x: -2358.462067526979
    y: 79.0
    z: 244.98469094573014
    yaw: -117.58618
    pitch: 36.259182
