lastAccountName: sneezing1234
timestamps:
  login: 1471139270487
  logout: 1471139289598
ipAddress: 68.118.5.50
logoutlocation:
  world: world
  x: -50.731582105562666
  y: 68.0
  z: 219.08978504541759
  yaw: -37.200054
  pitch: 22.199987
