lastAccountName: potatoheadftw
timestamps:
  login: 1470781706049
  logout: 1470781734061
ipAddress: 24.118.120.7
logoutlocation:
  world: world
  x: -20.84894833907436
  y: 68.0
  z: 264.1418593706519
  yaw: -331.0839
  pitch: 12.888326
