lastAccountName: Piglygamer
timestamps:
  login: 1471600530805
  logout: 1471600934520
ipAddress: 86.136.11.153
logoutlocation:
  world: world
  x: -15.776039133837326
  y: 63.0
  z: 190.398885328006
  yaw: 112.435486
  pitch: -29.174376
