lastAccountName: Piglygamer
timestamps:
  login: 1471549949043
  logout: 1471550667845
ipAddress: 86.136.11.153
logoutlocation:
  world: world
  x: 14.46945788826697
  y: 69.0
  z: 229.59320852761758
  yaw: -177.12134
  pitch: 59.913605
