lastAccountName: Hottub99
timestamps:
  login: 1472060421238
  lastteleport: 1472061165457
  logout: 1472059988234
ipAddress: 173.33.145.241
lastlocation:
  world: world
  x: 7553.602070714039
  y: 163.0
  z: 9490.878943054748
  yaw: -279.49573
  pitch: 20.399866
homes:
  home:
    world: world
    x: 7552.704778393707
    y: 177.0
    z: 9472.534658812005
    yaw: -264.04584
    pitch: -0.7500895
afk: false
logoutlocation:
  world: world
  x: 7558.404111532403
  y: 163.0
  z: 9488.564163265111
  yaw: 312.85492
  pitch: 28.800022
nickname: Deathriderr
godmode: false
