lastAccountName: Hottub99
timestamps:
  login: 1472232237618
  lastteleport: 1472240447061
  logout: 1472243946995
ipAddress: 173.33.145.241
lastlocation:
  world: world
  x: 7578.200436430842
  y: 62.017634922627224
  z: 9472.773838643192
  yaw: 123.69714
  pitch: -50.250015
homes:
  home:
    world: world
    x: 7557.345057470319
    y: 163.0
    z: 9487.30310082263
    yaw: -260.59567
    pitch: 13.499992
afk: false
logoutlocation:
  world: world
  x: 7523.495895033355
  y: 69.0
  z: 9485.702622476954
  yaw: -261.202
  pitch: 1.949911
nickname: Deathriderr
godmode: false
