lastAccountName: Hottub99
timestamps:
  login: 1471618823357
  lastteleport: 1471621291925
  logout: 1471621318739
ipAddress: 173.33.145.241
lastlocation:
  world: world
  x: 7464.860815832887
  y: 66.0
  z: 9493.906973508596
  yaw: 37.603424
  pitch: 28.799957
homes:
  home:
    world: world
    x: 7558.936756278174
    y: 163.0
    z: 9478.985383562629
    yaw: 39.554688
    pitch: 28.799995
afk: false
logoutlocation:
  world: world
  x: 7553.6744539077645
  y: 158.0
  z: 9489.716300360798
  yaw: -171.04532
  pitch: 2.099988
nickname: deathriderr
