lastAccountName: Hottub99
timestamps:
  login: 1472088267786
  lastteleport: 1472089124216
  logout: 1472089129893
ipAddress: 173.33.145.241
lastlocation:
  world: world
  x: 7545.0630390061115
  y: 69.0
  z: 9445.240654949182
  yaw: -358.09692
  pitch: -78.750046
homes:
  home:
    world: world
    x: 7557.345057470319
    y: 163.0
    z: 9487.30310082263
    yaw: -260.59567
    pitch: 13.499992
afk: false
logoutlocation:
  world: world
  x: 7557.25593355862
  y: 163.0
  z: 9479.464813803883
  yaw: 0.104320526
  pitch: 15.74999
nickname: Deathriderr
godmode: false
