lastAccountName: Hottub99
timestamps:
  login: 1472617699760
  lastteleport: 1472618037378
  logout: 1472618038405
ipAddress: 173.33.145.241
lastlocation:
  world: world
  x: 117.91223158800781
  y: 63.0
  z: 326.7674553147648
  yaw: 29.199799
  pitch: 21.749998
homes:
  home:
    world: world
    x: 7557.345057470319
    y: 163.0
    z: 9487.30310082263
    yaw: -260.59567
    pitch: 13.499992
afk: false
logoutlocation:
  world: world
  x: 7557.5
  y: 163.0
  z: 9487.5
  yaw: -260.59567
  pitch: 13.499992
nickname: Deathriderr
godmode: false
