lastAccountName: Hottub99
timestamps:
  login: 1472449937479
  lastteleport: 1472453657649
  logout: 1472453776334
ipAddress: 173.33.145.241
lastlocation:
  world: world
  x: -5.300000011920922
  y: 63.0
  z: 231.69999998807907
  yaw: -204.64993
  pitch: -74.700005
homes:
  home:
    world: world
    x: 7557.345057470319
    y: 163.0
    z: 9487.30310082263
    yaw: -260.59567
    pitch: 13.499992
afk: false
logoutlocation:
  world: world
  x: 7559.941357103624
  y: 163.0
  z: 9476.300000011921
  yaw: 37.004578
  pitch: 4.3500104
nickname: Deathriderr
godmode: false
