lastAccountName: Hottub99
timestamps:
  login: 1471626241098
  lastteleport: 1471636659031
  logout: 1471621318739
ipAddress: 173.33.145.241
lastlocation:
  world: world_nether
  x: 899.06606137081
  y: 54.0
  z: 1254.011264920888
  yaw: 259.3037
  pitch: 21.599981
homes:
  home:
    world: world
    x: 7558.936756278174
    y: 163.0
    z: 9478.985383562629
    yaw: 39.554688
    pitch: 28.799995
afk: false
logoutlocation:
  world: world
  x: 7553.6744539077645
  y: 158.0
  z: 9489.716300360798
  yaw: -171.04532
  pitch: 2.099988
nickname: deathriderr
