lastAccountName: Hottub99
timestamps:
  login: 1471373886990
  lastteleport: 1471379124789
  logout: 1471379177736
ipAddress: 173.33.145.241
lastlocation:
  world: world
  x: 741.8431404040788
  y: 30.0
  z: 410.27587815083234
  yaw: 83.405235
  pitch: 39.599995
homes:
  home:
    world: world
    x: 963.0039660663447
    y: 109.0
    z: 769.4443514921492
    yaw: -12.291504
    pitch: 13.9500065
afk: false
logoutlocation:
  world: world
  x: 964.4282151486493
  y: 109.0
  z: 769.3534611331942
  yaw: 155.55855
  pitch: -5.2500014
