lastAccountName: Hottub99
timestamps:
  login: 1472324481693
  lastteleport: 1472325797672
  logout: 1472325802780
ipAddress: 173.33.145.241
lastlocation:
  world: world
  x: -21.30000001192089
  y: 56.0
  z: 211.69999998807918
  yaw: 162.45029
  pitch: 9.450001
homes:
  home:
    world: world
    x: 7557.345057470319
    y: 163.0
    z: 9487.30310082263
    yaw: -260.59567
    pitch: 13.499992
afk: false
logoutlocation:
  world: world
  x: 7557.5
  y: 163.0
  z: 9487.5
  yaw: -260.59567
  pitch: 13.499992
nickname: Deathriderr
godmode: false
