lastAccountName: Hottub99
timestamps:
  login: 1471968783106
  lastteleport: 1471970564087
  logout: 1471970847817
ipAddress: 173.33.145.241
lastlocation:
  world: world
  x: 8388.699999988079
  y: 13.0
  z: 9439.699999988079
  yaw: -200.14905
  pitch: -1.949997
homes:
  home:
    world: world
    x: 7539.6604117736215
    y: 177.0
    z: 9474.166471286657
    yaw: -264.94482
    pitch: 11.39998
afk: false
logoutlocation:
  world: world
  x: 7558.300735735253
  y: 163.0
  z: 9487.52316741409
  yaw: -38.593994
  pitch: 19.649971
nickname: Deathriderr
godmode: false
