lastAccountName: Hottub99
timestamps:
  login: 1471812617096
  lastteleport: 1471830789102
  logout: 1471812612337
ipAddress: 173.33.145.241
lastlocation:
  world: world
  x: -39.76115443283748
  y: 68.0
  z: 259.8532276205475
  yaw: 4.9500036
  pitch: 6.5999956
homes:
  home:
    world: world
    x: 7558.526290243583
    y: 163.0
    z: 9486.17761050327
    yaw: 104.05515
    pitch: 23.400007
afk: false
logoutlocation:
  world: world
  x: 7552.5
  y: 163.0
  z: 9483.5
  yaw: -122.29481
  pitch: 10.950013
nickname: Deathriderr
godmode: false
