lastAccountName: Hottub99
timestamps:
  login: 1471626241098
  lastteleport: 1471639374551
  logout: 1471639377021
ipAddress: 173.33.145.241
lastlocation:
  world: world
  x: 7500.151545363569
  y: 70.0
  z: 9344.24540397766
  yaw: -91.09616
  pitch: 9.600001
homes:
  home:
    world: world
    x: 7558.936756278174
    y: 163.0
    z: 9478.985383562629
    yaw: 39.554688
    pitch: 28.799995
afk: false
logoutlocation:
  world: world
  x: 7558.5
  y: 163.0
  z: 9478.5
  yaw: 31.754688
  pitch: 24.299995
nickname: deathriderr
