lastAccountName: Hottub99
timestamps:
  login: 1472269539649
  lastteleport: 1472270174727
  logout: 1472270177119
ipAddress: 173.33.145.241
lastlocation:
  world: world
  x: 7588.300000011921
  y: 12.0
  z: 9563.300000011921
  yaw: 296.6538
  pitch: 19.200026
homes:
  home:
    world: world
    x: 7557.345057470319
    y: 163.0
    z: 9487.30310082263
    yaw: -260.59567
    pitch: 13.499992
afk: false
logoutlocation:
  world: world
  x: 7557.5
  y: 163.0
  z: 9487.5
  yaw: -208.99567
  pitch: 19.349993
nickname: Deathriderr
godmode: false
