lastAccountName: Hottub99
timestamps:
  login: 1471626241098
  lastteleport: 1471635655741
  logout: 1471621318739
ipAddress: 173.33.145.241
lastlocation:
  world: world
  x: 7574.792531280844
  y: 64.0
  z: 9470.774486931361
  yaw: 163.75818
  pitch: -2.2500005
homes:
  home:
    world: world
    x: 7558.936756278174
    y: 163.0
    z: 9478.985383562629
    yaw: 39.554688
    pitch: 28.799995
afk: false
logoutlocation:
  world: world
  x: 7553.6744539077645
  y: 158.0
  z: 9489.716300360798
  yaw: -171.04532
  pitch: 2.099988
nickname: deathriderr
