lastAccountName: Hottub99
timestamps:
  login: 1472449937479
  lastteleport: 1472450301877
  logout: 1472432568581
ipAddress: 173.33.145.241
lastlocation:
  world: world
  x: -29.510648149607576
  y: 40.0
  z: -5.300000011920947
  yaw: 226.75122
  pitch: 58.800156
homes:
  home:
    world: world
    x: 7557.345057470319
    y: 163.0
    z: 9487.30310082263
    yaw: -260.59567
    pitch: 13.499992
afk: false
logoutlocation:
  world: world
  x: 7558.972367863587
  y: 163.0
  z: 9485.313034946059
  yaw: -90.04556
  pitch: 84.899994
nickname: Deathriderr
godmode: false
