lastAccountName: Hottub99
timestamps:
  login: 1472278926809
  lastteleport: 1472282817067
  logout: 1472282841357
ipAddress: 173.33.145.241
lastlocation:
  world: world
  x: 7555.722771128675
  y: 163.0
  z: 9486.934033296515
  yaw: -299.14563
  pitch: -1.8000112
homes:
  home:
    world: world
    x: 7557.345057470319
    y: 163.0
    z: 9487.30310082263
    yaw: -260.59567
    pitch: 13.499992
afk: false
logoutlocation:
  world: world
  x: 25615.798280614512
  y: 64.0
  z: 12329.05304479034
  yaw: -51.874756
  pitch: 8.2499275
nickname: Deathriderr
godmode: false
