lastAccountName: Hottub99
timestamps:
  login: 1471926427961
  lastteleport: 1471930557280
  logout: 1471931364353
ipAddress: 173.33.145.241
lastlocation:
  world: world
  x: 7550.788375551228
  y: 61.0
  z: 9417.80391897004
  yaw: -354.04453
  pitch: -55.35004
homes:
  home:
    world: world
    x: 7539.6604117736215
    y: 177.0
    z: 9474.166471286657
    yaw: -264.94482
    pitch: 11.39998
afk: false
logoutlocation:
  world: world
  x: 7555.463229690529
  y: 158.0
  z: 9472.334641578169
  yaw: 181.00488
  pitch: 19.649914
nickname: Deathriderr
godmode: false
