lastAccountName: Hottub99
timestamps:
  login: 1472140346271
  lastteleport: 1472140379704
  logout: 1472140713183
ipAddress: 173.33.145.241
lastlocation:
  world: world
  x: 7505.390847083387
  y: 69.0
  z: 9482.839879684949
  yaw: -14.002539
  pitch: -0.3001319
homes:
  home:
    world: world
    x: 7557.345057470319
    y: 163.0
    z: 9487.30310082263
    yaw: -260.59567
    pitch: 13.499992
afk: false
logoutlocation:
  world: world
  x: 7557.19734216267
  y: 163.0
  z: 9490.292611527511
  yaw: 204.85455
  pitch: 1.4999807
nickname: Deathriderr
godmode: false
