lastAccountName: Hottub99
timestamps:
  login: 1472500421337
  lastteleport: 1472503355330
  logout: 1472503363890
ipAddress: 173.33.145.241
lastlocation:
  world: world
  x: 112.43731962221452
  y: 63.0
  z: 291.35517314208107
  yaw: 199.29993
  pitch: -1.4999975
homes:
  home:
    world: world
    x: 7557.345057470319
    y: 163.0
    z: 9487.30310082263
    yaw: -260.59567
    pitch: 13.499992
afk: false
logoutlocation:
  world: world
  x: 7557.5
  y: 163.0
  z: 9487.5
  yaw: -258.0457
  pitch: 12.149992
nickname: Deathriderr
godmode: false
