lastAccountName: Hottub99
timestamps:
  login: 1471581264610
  lastteleport: 1471588824044
  logout: 1471589032991
ipAddress: 173.33.145.241
lastlocation:
  world: world_nether
  x: 915.2028987876607
  y: 35.0
  z: 1048.0769180661614
  yaw: -68.155365
  pitch: 16.950146
homes:
  home:
    world: world
    x: 7558.936756278174
    y: 163.0
    z: 9478.985383562629
    yaw: 39.554688
    pitch: 28.799995
afk: false
logoutlocation:
  world: world
  x: 7557.031966406336
  y: 163.0
  z: 9486.270464804657
  yaw: -24.495424
  pitch: 12.750027
nickname: deathriderr
