lastAccountName: Hottub99
timestamps:
  login: 1472103407799
  lastteleport: 1472100068505
  logout: 1472103432993
ipAddress: 173.33.145.241
lastlocation:
  world: world
  x: 7504.000526625101
  y: 69.0
  z: 9486.40785764322
  yaw: -87.49721
  pitch: -6.6000404
homes:
  home:
    world: world
    x: 7557.345057470319
    y: 163.0
    z: 9487.30310082263
    yaw: -260.59567
    pitch: 13.499992
afk: false
logoutlocation:
  world: world
  x: 7503.178787687984
  y: 69.0
  z: 9485.951535185643
  yaw: -89.75252
  pitch: -7.950134
nickname: Deathriderr
godmode: false
