lastAccountName: Hottub99
timestamps:
  login: 1471982277972
  lastteleport: 1471984304519
  logout: 1471985114822
ipAddress: 173.33.145.241
lastlocation:
  world: world
  x: 7557.33064263051
  y: 163.0
  z: 9487.30169010658
  yaw: -7.5445857
  pitch: 29.549953
homes:
  home:
    world: world
    x: 7539.6604117736215
    y: 177.0
    z: 9474.166471286657
    yaw: -264.94482
    pitch: 11.39998
afk: false
logoutlocation:
  world: world
  x: 7520.067767369271
  y: 69.0
  z: 9460.095610355173
  yaw: 192.24432
  pitch: 14.4000225
nickname: Deathriderr
godmode: false
