lastAccountName: Hottub99
timestamps:
  login: 1471406222559
  lastteleport: 1471413250763
  logout: 1471414285498
ipAddress: 173.33.145.241
lastlocation:
  world: world
  x: 963.9446932766309
  y: 109.0
  z: 769.1703479645264
  yaw: 357.45856
  pitch: 9.900004
homes:
  home:
    world: world
    x: 963.0039660663447
    y: 109.0
    z: 769.4443514921492
    yaw: -12.291504
    pitch: 13.9500065
afk: false
logoutlocation:
  world: world
  x: 6010.806163711573
  y: 69.0
  z: 2099.7931694461968
  yaw: -327.9049
  pitch: 10.949949
