lastAccountName: Hottub99
timestamps:
  login: 1472525670384
  lastteleport: 1472525160435
  logout: 1472525325296
ipAddress: 173.33.145.241
lastlocation:
  world: world
  x: 7552.27231552693
  y: 160.0
  z: 9479.359908640528
  yaw: 356.80447
  pitch: -6.1500287
homes:
  home:
    world: world
    x: 7557.345057470319
    y: 163.0
    z: 9487.30310082263
    yaw: -260.59567
    pitch: 13.499992
afk: false
logoutlocation:
  world: world
  x: 98.61445119202155
  y: 151.0
  z: 264.40946485753454
  yaw: 3.4005737
  pitch: 13.5
nickname: Deathriderr
godmode: false
