lastAccountName: Hottub99
timestamps:
  login: 1472151092186
  lastteleport: 1472154456811
  logout: 1472154463631
ipAddress: 173.33.145.241
lastlocation:
  world: world
  x: -55.69999998807907
  y: 81.0
  z: -156.69999998807904
  yaw: -50.699997
  pitch: 3.7500732
homes:
  home:
    world: world
    x: 7557.345057470319
    y: 163.0
    z: 9487.30310082263
    yaw: -260.59567
    pitch: 13.499992
afk: false
logoutlocation:
  world: world
  x: 7556.381760199174
  y: 163.0
  z: 9484.525707127636
  yaw: -274.3955
  pitch: 29.699991
nickname: Deathriderr
godmode: false
