lastAccountName: Hottub99
timestamps:
  login: 1471471875285
  lastteleport: 1471482470663
  logout: 1471482689487
ipAddress: 173.33.145.241
lastlocation:
  world: world
  x: 7195.971859207075
  y: 11.0
  z: 9440.447506477623
  yaw: -257.90448
  pitch: -29.999989
homes:
  home:
    world: world
    x: 7558.936756278174
    y: 163.0
    z: 9478.985383562629
    yaw: 39.554688
    pitch: 28.799995
afk: false
logoutlocation:
  world: world
  x: 7556.675011136984
  y: 163.0
  z: 9486.67405489509
  yaw: 2.503662
  pitch: 21.750002
nickname: deathriderr
