lastAccountName: Hottub99
timestamps:
  login: 1472053471927
  lastteleport: 1472056582172
  logout: 1472017783970
ipAddress: 173.33.145.241
lastlocation:
  world: world
  x: 7537.5191538134995
  y: 158.0
  z: 9485.28436547045
  yaw: 312.5534
  pitch: 10.649953
homes:
  home:
    world: world
    x: 7552.704778393707
    y: 177.0
    z: 9472.534658812005
    yaw: -264.04584
    pitch: -0.7500895
afk: false
logoutlocation:
  world: world
  x: 7558.126093717956
  y: 163.0
  z: 9480.379255331405
  yaw: 178.45403
  pitch: 12.450013
nickname: Deathriderr
godmode: false
