lastAccountName: Hottub99
timestamps:
  login: 1472099643746
  lastteleport: 1472100068505
  logout: 1472100580561
ipAddress: 173.33.145.241
lastlocation:
  world: world
  x: 7504.000526625101
  y: 69.0
  z: 9486.40785764322
  yaw: -87.49721
  pitch: -6.6000404
homes:
  home:
    world: world
    x: 7557.345057470319
    y: 163.0
    z: 9487.30310082263
    yaw: -260.59567
    pitch: 13.499992
afk: false
logoutlocation:
  world: world
  x: 7512.085912528823
  y: 69.0
  z: 9486.76033314303
  yaw: -113.452515
  pitch: 1.7998662
nickname: Deathriderr
godmode: false
