lastAccountName: Hottub99
timestamps:
  login: 1471893503475
  lastteleport: 1471897202442
  logout: 1471897249148
ipAddress: 173.33.145.241
lastlocation:
  world: world
  x: 7511.163780402896
  y: 81.0
  z: 9468.643191969742
  yaw: 212.20496
  pitch: -14.849941
homes:
  home:
    world: world
    x: 7557.363191347085
    y: 163.0
    z: 9484.441652657613
    yaw: -79.39473
    pitch: 16.799978
afk: false
logoutlocation:
  world: world
  x: 7553.2463440196625
  y: 163.0
  z: 9490.751587833453
  yaw: 265.45532
  pitch: 12.749995
nickname: Deathriderr
godmode: false
