lastAccountName: Hottub99
timestamps:
  login: 1471848159920
  lastteleport: 1471848651273
  logout: 1471848764523
ipAddress: 173.33.145.241
lastlocation:
  world: world
  x: 7037.6895045277015
  y: 82.0
  z: 9092.64221303105
  yaw: -221.74472
  pitch: 33.150017
homes:
  home:
    world: world
    x: 7557.383278635475
    y: 187.0
    z: 9483.161585010474
    yaw: -97.54474
    pitch: 17.25
afk: false
logoutlocation:
  world: world
  x: 7557.689798308249
  y: 163.0
  z: 9478.915080029878
  yaw: -0.044416048
  pitch: 7.799967
nickname: Deathriderr
godmode: false
