lastAccountName: Hottub99
timestamps:
  login: 1472010372126
  lastteleport: 1472017721317
  logout: 1472017783970
ipAddress: 173.33.145.241
lastlocation:
  world: world
  x: 7551.300000011921
  y: 177.0
  z: 9488.347219037598
  yaw: -171.34575
  pitch: 21.59989
homes:
  home:
    world: world
    x: 7552.704778393707
    y: 177.0
    z: 9472.534658812005
    yaw: -264.04584
    pitch: -0.7500895
afk: false
logoutlocation:
  world: world
  x: 7558.126093717956
  y: 163.0
  z: 9480.379255331405
  yaw: 178.45403
  pitch: 12.450013
nickname: Deathriderr
godmode: false
