lastAccountName: Hottub99
timestamps:
  login: 1472428175886
  lastteleport: 1472428209989
  logout: 1472424002392
ipAddress: 173.33.145.241
lastlocation:
  world: world
  x: 7558.262929523565
  y: 163.0
  z: 9487.471516705058
  yaw: -212.89557
  pitch: 19.799986
homes:
  home:
    world: world
    x: 7557.345057470319
    y: 163.0
    z: 9487.30310082263
    yaw: -260.59567
    pitch: 13.499992
afk: false
logoutlocation:
  world: world
  x: 7558.382377281487
  y: 163.0
  z: 9487.126457332153
  yaw: -264.6455
  pitch: 32.999992
nickname: Deathriderr
godmode: false
