lastAccountName: Hottub99
timestamps:
  login: 1472529490682
  lastteleport: 1472532160750
  logout: 1472533472728
ipAddress: 173.33.145.241
lastlocation:
  world: world
  x: 7472.187822448369
  y: 118.0
  z: 9439.908908492898
  yaw: -41.89392
  pitch: 3.150003
homes:
  home:
    world: world
    x: 7557.345057470319
    y: 163.0
    z: 9487.30310082263
    yaw: -260.59567
    pitch: 13.499992
afk: false
logoutlocation:
  world: world
  x: 7535.230430126225
  y: 177.0
  z: 9474.920672954608
  yaw: -258.8006
  pitch: 40.799995
nickname: Deathriderr
godmode: false
