lastAccountName: Hottub99
timestamps:
  login: 1472184974774
  lastteleport: 1472185110835
  logout: 1472185333838
ipAddress: 173.33.145.241
lastlocation:
  world: world
  x: 7510.892892707395
  y: 69.0
  z: 9445.557719154962
  yaw: -340.39642
  pitch: 20.849937
homes:
  home:
    world: world
    x: 7557.345057470319
    y: 163.0
    z: 9487.30310082263
    yaw: -260.59567
    pitch: 13.499992
afk: false
logoutlocation:
  world: world
  x: 7556.802213445774
  y: 163.0
  z: 9484.66201499836
  yaw: -173.7467
  pitch: 3.9000225
nickname: Deathriderr
godmode: false
