lastAccountName: Hottub99
timestamps:
  login: 1471542444307
  lastteleport: 1471552970527
  logout: 1471553116289
ipAddress: 173.33.145.241
lastlocation:
  world: world
  x: 7753.699999988079
  y: 10.0
  z: 9445.117498900743
  yaw: 114.70468
  pitch: 13.800099
homes:
  home:
    world: world
    x: 7558.936756278174
    y: 163.0
    z: 9478.985383562629
    yaw: 39.554688
    pitch: 28.799995
afk: false
logoutlocation:
  world: world
  x: 7556.725677370151
  y: 163.0
  z: 9485.539321378286
  yaw: 356.0537
  pitch: 14.100221
nickname: deathriderr
