lastAccountName: Hottub99
timestamps:
  login: 1471488769702
  lastteleport: 1471494338015
  logout: 1471494342744
ipAddress: 173.33.145.241
lastlocation:
  world: world
  x: 7581.306083497451
  y: 62.0
  z: 9440.671004317315
  yaw: 35.50522
  pitch: -48.599976
homes:
  home:
    world: world
    x: 7558.936756278174
    y: 163.0
    z: 9478.985383562629
    yaw: 39.554688
    pitch: 28.799995
afk: false
logoutlocation:
  world: world
  x: 7556.881640178904
  y: 163.0
  z: 9484.913406462896
  yaw: -8.445251
  pitch: 13.650002
nickname: deathriderr
