lastAccountName: Hottub99
timestamps:
  login: 1471812617096
  lastteleport: 1471833462793
  logout: 1471833557785
ipAddress: 173.33.145.241
lastlocation:
  world: world_the_end
  x: -3840.4256999842632
  y: 111.0
  z: -5358.437870938775
  yaw: -205.854
  pitch: 15.449975
homes:
  home:
    world: world
    x: 7558.526290243583
    y: 163.0
    z: 9486.17761050327
    yaw: 104.05515
    pitch: 23.400007
afk: false
logoutlocation:
  world: world
  x: 7556.805674926203
  y: 158.0
  z: 9475.756127971947
  yaw: -15.644824
  pitch: 12.149993
nickname: Deathriderr
godmode: false
