lastAccountName: Flexn
timestamps:
  login: 1471792545508
  logout: 1471792752824
ipAddress: 178.116.5.250
logoutlocation:
  world: world
  x: -41.17819777541294
  y: 97.17969645146607
  z: 171.85471569868463
  yaw: 344.54892
  pitch: 73.20002
