lastAccountName: fillow123
timestamps:
  login: 1471475270963
  logout: 1471475897390
  lastteleport: 1471475875520
ipAddress: 83.183.195.177
lastlocation:
  world: world
  x: -44.30000001192093
  y: 60.0
  z: 256.83914272579705
  yaw: 278.6999
  pitch: 33.74996
logoutlocation:
  world: world
  x: -42.30000001192093
  y: 62.0
  z: 256.6999999880791
  yaw: -181.19997
  pitch: 3.8999965
afk: false
