lastAccountName: fillow123
timestamps:
  login: 1471568694988
  logout: 1471569346654
  lastteleport: 1471568921583
ipAddress: 83.183.195.177
lastlocation:
  world: world
  x: -252.10355631954388
  y: 30.0
  z: 284.8402575391957
  yaw: -233.24915
  pitch: 71.09998
logoutlocation:
  world: world
  x: -251.79627135181607
  y: 30.0
  z: 284.30000001192093
  yaw: -233.24915
  pitch: 70.79998
afk: false
