lastAccountName: fillow123
timestamps:
  login: 1471422592848
  logout: 1471422600363
ipAddress: 83.183.195.177
lastlocation:
  world: world
  x: -31.5
  y: 68.0
  z: 263.5
  yaw: 0.0
  pitch: 0.0
logoutlocation:
  world: world
  x: -8.534965879940147
  y: 102.73695335389172
  z: 453.1364461100307
  yaw: -322.51715
  pitch: 80.24999
