lastAccountName: WalshyXD
timestamps:
  login: 1472575688962
  lastteleport: 1472575697855
  logout: 1472575766874
ipAddress: 86.3.13.214
lastlocation:
  world: world
  x: -4732.6044915083
  y: 69.0
  z: 10464.937475669323
  yaw: 170.20132
  pitch: 14.100027
logoutlocation:
  world: world
  x: -61.346858260296514
  y: 92.22480312233309
  z: 318.33287720180385
  yaw: -23.448822
  pitch: 7.3500304
afk: false
homes:
  home:
    world: world_nether
    x: 1038.6573238445799
    y: 61.678225636232966
    z: 1229.6866951761629
    yaw: 29.400389
    pitch: 37.49992
  jeffthethriller:
    world: world
    x: -4736.772818774202
    y: 174.0
    z: 10500.410725552423
    yaw: -44.58272
    pitch: 48.299965
godmode: false
money: '494.0'
powertools: {}
