lastAccountName: WalshyXD
timestamps:
  login: 1471818325525
  lastteleport: 1471818750871
  logout: 1471818819129
ipAddress: 86.3.13.214
lastlocation:
  world: world
  x: -5066.5
  y: 16.0
  z: 10356.5
  yaw: 283.86398
  pitch: 26.700085
logoutlocation:
  world: world
  x: -19.831019879391956
  y: 99.5
  z: 218.56800195484735
  yaw: 25.34962
  pitch: 32.70002
afk: false
homes:
  home:
    world: world
    x: -6266.786926263549
    y: 68.0
    z: 7172.461304044258
    yaw: 80.667854
    pitch: 16.500048
  jeffthethriller:
    world: world
    x: -4736.772818774202
    y: 174.0
    z: 10500.410725552423
    yaw: -44.58272
    pitch: 48.299965
godmode: false
money: '42.0'
powertools: {}
