lastAccountName: WalshyXD
timestamps:
  login: 1471987366972
  lastteleport: 1471990057585
  logout: 1471990657236
ipAddress: 86.3.13.214
lastlocation:
  world: world
  x: -2450.0824978818
  y: 80.11864882778262
  z: 475.1598228273758
  yaw: 186.43863
  pitch: -5.400045
logoutlocation:
  world: world
  x: -2333.414148469471
  y: 82.16018309643225
  z: 281.3514235564875
  yaw: 6.6017456
  pitch: 14.250145
afk: false
homes:
  home:
    world: world_nether
    x: 1038.6573238445799
    y: 61.678225636232966
    z: 1229.6866951761629
    yaw: 29.400389
    pitch: 37.49992
  jeffthethriller:
    world: world
    x: -4736.772818774202
    y: 174.0
    z: 10500.410725552423
    yaw: -44.58272
    pitch: 48.299965
godmode: false
money: '42.0'
powertools: {}
