lastAccountName: WalshyXD
timestamps:
  login: 1472515322757
  lastteleport: 1472516367780
  logout: 1472516391547
ipAddress: 86.3.13.214
lastlocation:
  world: world
  x: -188.58065854464942
  y: 91.50294773854371
  z: 345.951333971979
  yaw: 172.22437
  pitch: 15.810621
logoutlocation:
  world: world
  x: -4732.253062978968
  y: 69.0
  z: 10467.789841670397
  yaw: -100.24869
  pitch: 4.8000236
afk: false
homes:
  home:
    world: world_nether
    x: 1038.6573238445799
    y: 61.678225636232966
    z: 1229.6866951761629
    yaw: 29.400389
    pitch: 37.49992
  jeffthethriller:
    world: world
    x: -4736.772818774202
    y: 174.0
    z: 10500.410725552423
    yaw: -44.58272
    pitch: 48.299965
godmode: false
money: '494.0'
powertools: {}
