lastAccountName: WalshyXD
timestamps:
  login: 1471746244011
  lastteleport: 1471747115227
  logout: 1471748347217
ipAddress: 86.3.13.214
lastlocation:
  world: world
  x: -168.33103636997484
  y: 70.55564738239079
  z: -7.304329818369775
  yaw: -16.498322
  pitch: 6.4501476
logoutlocation:
  world: world
  x: -22.201867294839293
  y: 98.5
  z: 222.06530421311174
  yaw: -335.0762
  pitch: 23.400013
afk: false
homes:
  home:
    world: world
    x: -4735.808735709352
    y: 176.2135988348293
    z: 10500.924041198308
    yaw: 109.76761
    pitch: 71.69999
  jeffthethriller:
    world: world
    x: -4736.772818774202
    y: 174.0
    z: 10500.410725552423
    yaw: -44.58272
    pitch: 48.299965
godmode: false
money: '42.0'
powertools: {}
