lastAccountName: WalshyXD
timestamps:
  login: 1472429267385
  lastteleport: 1472431176516
  logout: 1472432558769
ipAddress: 86.3.13.214
lastlocation:
  world: world_nether
  x: 947.1825639716751
  y: 90.11201150238578
  z: 1192.2779477283893
  yaw: 90.25032
  pitch: 0.2996974
logoutlocation:
  world: world
  x: 7550.387396888773
  y: 127.13962500661017
  z: 9450.77085566665
  yaw: 299.62543
  pitch: 61.199596
afk: false
homes:
  home:
    world: world_nether
    x: 1038.6573238445799
    y: 61.678225636232966
    z: 1229.6866951761629
    yaw: 29.400389
    pitch: 37.49992
  jeffthethriller:
    world: world
    x: -4736.772818774202
    y: 174.0
    z: 10500.410725552423
    yaw: -44.58272
    pitch: 48.299965
godmode: false
money: '494.0'
powertools: {}
