lastAccountName: WalshyXD
timestamps:
  login: 1471696023330
  lastteleport: 1471650332380
  logout: 1471695900582
ipAddress: 86.3.13.214
lastlocation:
  world: world
  x: -26.5
  y: 84.0
  z: 257.5
  yaw: -224.97266
  pitch: 29.10007
logoutlocation:
  world: world
  x: -21.11576021787474
  y: 87.6223181013781
  z: 233.67819297434596
  yaw: 12.508087
  pitch: 28.800251
afk: false
homes:
  home:
    world: world
    x: -4735.808735709352
    y: 176.2135988348293
    z: 10500.924041198308
    yaw: 109.76761
    pitch: 71.69999
  jeffthethriller:
    world: world
    x: -4736.772818774202
    y: 174.0
    z: 10500.410725552423
    yaw: -44.58272
    pitch: 48.299965
godmode: false
money: '42.0'
powertools: {}
