lastAccountName: WalshyXD
timestamps:
  login: 1472156128678
  lastteleport: 1472156733191
  logout: 1472157473022
ipAddress: 86.3.13.214
lastlocation:
  world: world
  x: 2645.5531613808066
  y: 82.36108750273957
  z: -263.9623425199087
  yaw: 194.9768
  pitch: 32.312107
logoutlocation:
  world: world
  x: -2343.729571322076
  y: 103.39486514875158
  z: 171.22052358697823
  yaw: 147.4714
  pitch: -3.0000322
afk: false
homes:
  home:
    world: world_nether
    x: 1038.6573238445799
    y: 61.678225636232966
    z: 1229.6866951761629
    yaw: 29.400389
    pitch: 37.49992
  jeffthethriller:
    world: world
    x: -4736.772818774202
    y: 174.0
    z: 10500.410725552423
    yaw: -44.58272
    pitch: 48.299965
godmode: false
money: '42.0'
powertools: {}
