lastAccountName: WalshyXD
timestamps:
  login: 1472398331051
  lastteleport: 1472402251395
  logout: 1472402557652
ipAddress: 86.3.13.214
lastlocation:
  world: world
  x: 168.30000001192093
  y: 149.0
  z: 238.42820903866516
  yaw: 270.80737
  pitch: -47.549976
logoutlocation:
  world: world
  x: 181.0427990706602
  y: 162.84195501967088
  z: 226.50408928250562
  yaw: 3.2098694
  pitch: 29.550087
afk: false
homes:
  home:
    world: world_nether
    x: 1038.6573238445799
    y: 61.678225636232966
    z: 1229.6866951761629
    yaw: 29.400389
    pitch: 37.49992
  jeffthethriller:
    world: world
    x: -4736.772818774202
    y: 174.0
    z: 10500.410725552423
    yaw: -44.58272
    pitch: 48.299965
godmode: false
money: '42.0'
powertools: {}
