lastAccountName: WalshyXD
timestamps:
  login: 1472594784635
  lastteleport: 1472597114244
  logout: 1472597126880
ipAddress: 86.3.13.214
lastlocation:
  world: world
  x: -4706.607363714765
  y: 4681.0
  z: 10494.4565994145
  yaw: 4.270691
  pitch: 6.900006
logoutlocation:
  world: world
  x: -4706.5
  y: 4731.0
  z: 10494.5
  yaw: 4.270691
  pitch: 6.900006
afk: false
homes:
  home:
    world: world_nether
    x: 1038.6573238445799
    y: 61.678225636232966
    z: 1229.6866951761629
    yaw: 29.400389
    pitch: 37.49992
  jeffthethriller:
    world: world
    x: -4736.772818774202
    y: 174.0
    z: 10500.410725552423
    yaw: -44.58272
    pitch: 48.299965
godmode: false
money: '494.0'
powertools: {}
