lastAccountName: WalshyXD
timestamps:
  login: 1471631055955
  lastteleport: 1471633282145
  logout: 1471633598787
ipAddress: 86.3.13.214
lastlocation:
  world: world_nether
  x: -83.55262788592003
  y: 32.0
  z: 32.75555910100252
  yaw: 222.30316
  pitch: 48.14972
logoutlocation:
  world: world
  x: 8.830113992275031
  y: 63.0
  z: 228.35640128223866
  yaw: -105.30533
  pitch: 17.668924
afk: false
homes:
  home:
    world: world
    x: -4735.808735709352
    y: 176.2135988348293
    z: 10500.924041198308
    yaw: 109.76761
    pitch: 71.69999
  jeffthethriller:
    world: world
    x: -4736.772818774202
    y: 174.0
    z: 10500.410725552423
    yaw: -44.58272
    pitch: 48.299965
godmode: false
money: '42.0'
powertools: {}
