lastAccountName: WalshyXD
timestamps:
  login: 1471718150733
  lastteleport: 1471721828530
  logout: 1471721624613
ipAddress: 86.3.13.214
lastlocation:
  world: world
  x: -1047.8984597097503
  y: 11.0
  z: 138.04001486353545
  yaw: -138.00539
  pitch: 12.62028
logoutlocation:
  world: world
  x: -19.874765326236215
  y: 94.0
  z: 223.4910157812923
  yaw: 0.57617563
  pitch: 43.50002
afk: false
homes:
  home:
    world: world
    x: -4735.808735709352
    y: 176.2135988348293
    z: 10500.924041198308
    yaw: 109.76761
    pitch: 71.69999
  jeffthethriller:
    world: world
    x: -4736.772818774202
    y: 174.0
    z: 10500.410725552423
    yaw: -44.58272
    pitch: 48.299965
godmode: false
money: '42.0'
powertools: {}
