lastAccountName: WalshyXD
timestamps:
  login: 1471373788328
  lastteleport: 1471387030258
  logout: 1471387151241
ipAddress: 86.3.13.214
lastlocation:
  world: world
  x: -54.71323203424809
  y: 87.85955490782169
  z: 255.35753310843393
  yaw: -168.61035
  pitch: 20.400017
logoutlocation:
  world: world_the_end
  x: -18.93815203325626
  y: 47.5
  z: 475.12176089614337
  yaw: 331.7198
  pitch: 10.499862
afk: false
homes:
  home:
    world: world
    x: -4735.808735709352
    y: 176.2135988348293
    z: 10500.924041198308
    yaw: 109.76761
    pitch: 71.69999
  jeffthethriller:
    world: world
    x: -4736.772818774202
    y: 174.0
    z: 10500.410725552423
    yaw: -44.58272
    pitch: 48.299965
godmode: false
money: '42.0'
powertools: {}
