lastAccountName: WalshyXD
timestamps:
  login: 1471642701069
  lastteleport: 1471650332380
  logout: 1471650336266
ipAddress: 86.3.13.214
lastlocation:
  world: world
  x: -26.5
  y: 84.0
  z: 257.5
  yaw: -224.97266
  pitch: 29.10007
logoutlocation:
  world: world
  x: -29.414958808422703
  y: 94.68941649987839
  z: 226.15939209534656
  yaw: 63.213623
  pitch: 60.449894
afk: false
homes:
  home:
    world: world
    x: -4735.808735709352
    y: 176.2135988348293
    z: 10500.924041198308
    yaw: 109.76761
    pitch: 71.69999
  jeffthethriller:
    world: world
    x: -4736.772818774202
    y: 174.0
    z: 10500.410725552423
    yaw: -44.58272
    pitch: 48.299965
godmode: false
money: '42.0'
powertools: {}
