lastAccountName: WalshyXD
timestamps:
  login: 1471706689122
  lastteleport: 1471704544791
  logout: 1471707223585
ipAddress: 86.3.13.214
lastlocation:
  world: world
  x: -4727.7372598116735
  y: 67.11865266716279
  z: 10529.20543454281
  yaw: 190.26277
  pitch: 33.600063
logoutlocation:
  world: world
  x: -42.08685938424446
  y: 84.97743242108444
  z: 229.77793683776133
  yaw: 349.4751
  pitch: 53.250095
afk: false
homes:
  home:
    world: world
    x: -4735.808735709352
    y: 176.2135988348293
    z: 10500.924041198308
    yaw: 109.76761
    pitch: 71.69999
  jeffthethriller:
    world: world
    x: -4736.772818774202
    y: 174.0
    z: 10500.410725552423
    yaw: -44.58272
    pitch: 48.299965
godmode: false
money: '42.0'
powertools: {}
