lastAccountName: WalshyXD
timestamps:
  login: 1472417103658
  lastteleport: 1472418149251
  logout: 1472418179036
ipAddress: 86.3.13.214
lastlocation:
  world: world
  x: -45.087405853666105
  y: 78.99932807785424
  z: 224.9725070200591
  yaw: 201.23462
  pitch: 27.149738
logoutlocation:
  world: world
  x: -4757.121390268118
  y: 86.35538930588639
  z: 10490.288522553321
  yaw: -194.73268
  pitch: 17.84991
afk: false
homes:
  home:
    world: world_nether
    x: 1038.6573238445799
    y: 61.678225636232966
    z: 1229.6866951761629
    yaw: 29.400389
    pitch: 37.49992
  jeffthethriller:
    world: world
    x: -4736.772818774202
    y: 174.0
    z: 10500.410725552423
    yaw: -44.58272
    pitch: 48.299965
godmode: false
money: '494.0'
powertools: {}
