lastAccountName: WalshyXD
timestamps:
  login: 1471623463586
  lastteleport: 1471559942604
  logout: 1471623848716
ipAddress: 86.3.13.214
lastlocation:
  world: world
  x: -25.957160684055655
  y: 170.0296970744927
  z: 254.01020080080752
  yaw: 142.34915
  pitch: 74.24969
logoutlocation:
  world: world
  x: 9846.485767850323
  y: 89.95951973151335
  z: 9922.160487664702
  yaw: -41.847534
  pitch: 21.449982
afk: false
homes:
  home:
    world: world
    x: -4735.808735709352
    y: 176.2135988348293
    z: 10500.924041198308
    yaw: 109.76761
    pitch: 71.69999
  jeffthethriller:
    world: world
    x: -4736.772818774202
    y: 174.0
    z: 10500.410725552423
    yaw: -44.58272
    pitch: 48.299965
godmode: false
money: '42.0'
powertools: {}
