lastAccountName: WalshyXD
timestamps:
  login: 1471718150733
  lastteleport: 1471724262269
  logout: 1471725865575
ipAddress: 86.3.13.214
lastlocation:
  world: world
  x: -39.50153116590809
  y: 68.0
  z: 257.3162169469874
  yaw: -0.89999604
  pitch: 10.049995
logoutlocation:
  world: world
  x: -20.811210756301193
  y: 94.0
  z: 223.66400252294926
  yaw: -315.29
  pitch: 46.95006
afk: false
homes:
  home:
    world: world
    x: -4735.808735709352
    y: 176.2135988348293
    z: 10500.924041198308
    yaw: 109.76761
    pitch: 71.69999
  jeffthethriller:
    world: world
    x: -4736.772818774202
    y: 174.0
    z: 10500.410725552423
    yaw: -44.58272
    pitch: 48.299965
godmode: false
money: '42.0'
powertools: {}
