lastAccountName: WalshyXD
timestamps:
  login: 1471733308624
  lastteleport: 1471737227502
  logout: 1471737280259
ipAddress: 86.3.13.214
lastlocation:
  world: world
  x: 7432.9127544144885
  y: 54.824637724815666
  z: 10469.446953599165
  yaw: -30.21711
  pitch: 8.999993
logoutlocation:
  world: world
  x: 7515.150860246665
  y: 100.95845150639568
  z: 9815.1066861366
  yaw: 90.08289
  pitch: 27.599985
afk: false
homes:
  home:
    world: world
    x: -4735.808735709352
    y: 176.2135988348293
    z: 10500.924041198308
    yaw: 109.76761
    pitch: 71.69999
  jeffthethriller:
    world: world
    x: -4736.772818774202
    y: 174.0
    z: 10500.410725552423
    yaw: -44.58272
    pitch: 48.299965
godmode: false
money: '42.0'
powertools: {}
