lastAccountName: WalshyXD
timestamps:
  login: 1471738612007
  lastteleport: 1471737227502
  logout: 1471738700105
ipAddress: 86.3.13.214
lastlocation:
  world: world
  x: 7515.151226676274
  y: 100.95845150639568
  z: 9818.342286381217
  yaw: 359.93286
  pitch: 43.199966
logoutlocation:
  world: world
  x: -200.86091459342575
  y: 151.9721322198809
  z: -236.2683055763597
  yaw: 64.58301
  pitch: 61.50004
afk: false
homes:
  home:
    world: world
    x: -4735.808735709352
    y: 176.2135988348293
    z: 10500.924041198308
    yaw: 109.76761
    pitch: 71.69999
  jeffthethriller:
    world: world
    x: -4736.772818774202
    y: 174.0
    z: 10500.410725552423
    yaw: -44.58272
    pitch: 48.299965
godmode: false
money: '42.0'
powertools: {}
