lastAccountName: WalshyXD
timestamps:
  login: 1471457562976
  lastteleport: 1471473976254
  logout: 1471474177085
ipAddress: 86.3.13.214
lastlocation:
  world: world_nether
  x: -603.7556936925218
  y: 210.0
  z: 1243.0189888234172
  yaw: 203.18167
  pitch: 17.100151
logoutlocation:
  world: world
  x: -7.192455340089506
  y: 74.0
  z: 276.6982449853771
  yaw: 53.121796
  pitch: 34.050808
afk: false
homes:
  home:
    world: world
    x: -4735.808735709352
    y: 176.2135988348293
    z: 10500.924041198308
    yaw: 109.76761
    pitch: 71.69999
  jeffthethriller:
    world: world
    x: -4736.772818774202
    y: 174.0
    z: 10500.410725552423
    yaw: -44.58272
    pitch: 48.299965
godmode: false
money: '42.0'
powertools: {}
