lastAccountName: WalshyXD
timestamps:
  login: 1472247138482
  lastteleport: 1472255107624
  logout: 1472247942651
ipAddress: 86.3.13.214
lastlocation:
  world: world
  x: 1062.0426327467808
  y: 111.2655297311269
  z: 2662.4679052435918
  yaw: 173.4209
  pitch: 49.200054
logoutlocation:
  world: world
  x: 7525.722501632774
  y: 69.0
  z: 9483.306808833126
  yaw: 182.1977
  pitch: 27.599909
afk: false
homes:
  home:
    world: world_nether
    x: 1038.6573238445799
    y: 61.678225636232966
    z: 1229.6866951761629
    yaw: 29.400389
    pitch: 37.49992
  jeffthethriller:
    world: world
    x: -4736.772818774202
    y: 174.0
    z: 10500.410725552423
    yaw: -44.58272
    pitch: 48.299965
godmode: false
money: '42.0'
powertools: {}
