lastAccountName: WalshyXD
timestamps:
  login: 1471559079826
  lastteleport: 1471559942604
  logout: 1471560033334
ipAddress: 86.3.13.214
lastlocation:
  world: world
  x: -41.851874918036316
  y: 68.0
  z: 258.2965339574601
  yaw: 138.15
  pitch: 17.849995
logoutlocation:
  world: world
  x: -20.67042315112997
  y: 172.11195702863506
  z: 253.72007821157317
  yaw: -5.10083
  pitch: 50.99969
afk: false
homes:
  home:
    world: world
    x: -4735.808735709352
    y: 176.2135988348293
    z: 10500.924041198308
    yaw: 109.76761
    pitch: 71.69999
  jeffthethriller:
    world: world
    x: -4736.772818774202
    y: 174.0
    z: 10500.410725552423
    yaw: -44.58272
    pitch: 48.299965
godmode: false
money: '42.0'
powertools: {}
