lastAccountName: WalshyXD
timestamps:
  login: 1471291553466
  lastteleport: 1471294125779
  logout: 1471294284261
ipAddress: 86.3.13.214
lastlocation:
  world: world
  x: -4735.814769350202
  y: 174.7699233919261
  z: 10503.10276136899
  yaw: -152.882
  pitch: 84.60001
logoutlocation:
  world: world
  x: -4741.784081080013
  y: 108.61246235082393
  z: 10533.163651673556
  yaw: 188.35878
  pitch: 52.049946
afk: false
homes:
  home:
    world: world
    x: -4735.808735709352
    y: 176.2135988348293
    z: 10500.924041198308
    yaw: 109.76761
    pitch: 71.69999
  jeffthethriller:
    world: world
    x: -4736.772818774202
    y: 174.0
    z: 10500.410725552423
    yaw: -44.58272
    pitch: 48.299965
godmode: true
money: '42.0'
powertools: {}
