lastAccountName: WalshyXD
timestamps:
  login: 1472328904327
  lastteleport: 1472329570082
  logout: 1472329515777
ipAddress: 86.3.13.214
lastlocation:
  world: world
  x: -44.2502876068191
  y: 77.30802537457971
  z: 270.97152894425415
  yaw: -140.5995
  pitch: 41.24995
logoutlocation:
  world: world
  x: -4740.29816448644
  y: 64.00822072717564
  z: 10544.894151061811
  yaw: -268.2698
  pitch: 20.100052
afk: false
homes:
  home:
    world: world_nether
    x: 1038.6573238445799
    y: 61.678225636232966
    z: 1229.6866951761629
    yaw: 29.400389
    pitch: 37.49992
  jeffthethriller:
    world: world
    x: -4736.772818774202
    y: 174.0
    z: 10500.410725552423
    yaw: -44.58272
    pitch: 48.299965
godmode: false
money: '42.0'
powertools: {}
