lastAccountName: WalshyXD
timestamps:
  login: 1472341054945
  lastteleport: 1472346447166
  logout: 1472347269421
ipAddress: 86.3.13.214
lastlocation:
  world: world
  x: 283.88129000890615
  y: 71.79291387692406
  z: 3070.4570246703142
  yaw: -159.34969
  pitch: 11.549981
logoutlocation:
  world: world
  x: -1569.5135830718825
  y: 99.40199071510783
  z: -625.5724289432359
  yaw: -160.09517
  pitch: 32.24981
afk: false
homes:
  home:
    world: world_nether
    x: 1038.6573238445799
    y: 61.678225636232966
    z: 1229.6866951761629
    yaw: 29.400389
    pitch: 37.49992
  jeffthethriller:
    world: world
    x: -4736.772818774202
    y: 174.0
    z: 10500.410725552423
    yaw: -44.58272
    pitch: 48.299965
godmode: false
money: '42.0'
powertools: {}
