lastAccountName: WalshyXD
timestamps:
  login: 1471699214172
  lastteleport: 1471650332380
  logout: 1471699469802
ipAddress: 86.3.13.214
lastlocation:
  world: world
  x: -24.079406499348377
  y: 94.0
  z: 220.64755054881053
  yaw: -47.698334
  pitch: 5.399996
logoutlocation:
  world: world
  x: -6267.709578817795
  y: 55.0
  z: 7161.079638373418
  yaw: 130.20264
  pitch: 14.70004
afk: false
homes:
  home:
    world: world
    x: -4735.808735709352
    y: 176.2135988348293
    z: 10500.924041198308
    yaw: 109.76761
    pitch: 71.69999
  jeffthethriller:
    world: world
    x: -4736.772818774202
    y: 174.0
    z: 10500.410725552423
    yaw: -44.58272
    pitch: 48.299965
godmode: false
money: '42.0'
powertools: {}
