lastAccountName: WalshyXD
timestamps:
  login: 1471652595281
  lastteleport: 1471650332380
  logout: 1471653369914
ipAddress: 86.3.13.214
lastlocation:
  world: world
  x: -26.5
  y: 84.0
  z: 257.5
  yaw: -224.97266
  pitch: 29.10007
logoutlocation:
  world: world_nether
  x: -8.455009937731834
  y: 84.0
  z: 24.025240038992916
  yaw: 265.7076
  pitch: -3.750073
afk: false
homes:
  home:
    world: world
    x: -4735.808735709352
    y: 176.2135988348293
    z: 10500.924041198308
    yaw: 109.76761
    pitch: 71.69999
  jeffthethriller:
    world: world
    x: -4736.772818774202
    y: 174.0
    z: 10500.410725552423
    yaw: -44.58272
    pitch: 48.299965
godmode: false
money: '42.0'
powertools: {}
