lastAccountName: WalshyXD
timestamps:
  login: 1471784029235
  lastteleport: 1471786649203
  logout: 1471786672292
ipAddress: 86.3.13.214
lastlocation:
  world: world
  x: 497.75286048250064
  y: 11.749064197141438
  z: 59.44685271544582
  yaw: -77.10391
  pitch: 6.8998847
logoutlocation:
  world: world
  x: -23.69999998807907
  y: 68.55969607518718
  z: 268.27123416362843
  yaw: -273.29962
  pitch: 5.8499346
afk: false
homes:
  home:
    world: world
    x: -4735.808735709352
    y: 176.2135988348293
    z: 10500.924041198308
    yaw: 109.76761
    pitch: 71.69999
  jeffthethriller:
    world: world
    x: -4736.772818774202
    y: 174.0
    z: 10500.410725552423
    yaw: -44.58272
    pitch: 48.299965
godmode: false
money: '42.0'
powertools: {}
