lastAccountName: WalshyXD
timestamps:
  login: 1471893505081
  lastteleport: 1471894081234
  logout: 1471894128218
ipAddress: 86.3.13.214
lastlocation:
  world: world_the_end
  x: -18.784186222874812
  y: 47.5
  z: 472.08571837186923
  yaw: 6.596569
  pitch: -2.7002952
logoutlocation:
  world: world
  x: -35.09655036814728
  y: 82.0
  z: 285.00231734483145
  yaw: -169.95001
  pitch: 18.89999
afk: false
homes:
  home:
    world: world_nether
    x: 1038.6573238445799
    y: 61.678225636232966
    z: 1229.6866951761629
    yaw: 29.400389
    pitch: 37.49992
  jeffthethriller:
    world: world
    x: -4736.772818774202
    y: 174.0
    z: 10500.410725552423
    yaw: -44.58272
    pitch: 48.299965
godmode: false
money: '42.0'
powertools: {}
