lastAccountName: Aolong
timestamps:
  login: 1472079780741
  lastteleport: 1472081079726
  logout: 1472081120936
ipAddress: 89.242.56.249
lastlocation:
  world: world
  x: -39.76115443283748
  y: 68.0
  z: 259.8532276205475
  yaw: -0.89999604
  pitch: 10.049995
logoutlocation:
  world: world
  x: 254.3933361361851
  y: 37.0
  z: 64.44813747937721
  yaw: -2.190972
  pitch: 52.510464
