lastAccountName: HotFudgeMuffin
timestamps:
  login: 1472515245007
  logout: 1472515625668
ipAddress: 67.81.66.94
logoutlocation:
  world: world
  x: -260.50863892800277
  y: 1087.9853621480645
  z: -1201.4571857576886
  yaw: -178.79712
  pitch: 67.64999
