lastAccountName: AWildRegice
timestamps:
  login: 1471398202314
  kits:
    tools: 1470781224654
  lastteleport: 1471398274465
  logout: 1471399455506
ipAddress: 76.189.199.222
lastlocation:
  world: world
  x: -52.69999998807906
  y: 55.0
  z: 523.3000000119209
  yaw: 134.42694
  pitch: 60.535378
afk: false
logoutlocation:
  world: world
  x: -52.69999998807906
  y: 55.0
  z: 523.3000000119209
  yaw: 134.42694
  pitch: 60.535378
nickname: AlmostGod
homes:
  home:
    world: world
    x: -44.18071638023208
    y: 59.0
    z: 537.5088566965599
    yaw: -141.53427
    pitch: 52.641087
