lastAccountName: WillZee
timestamps:
  login: 1471088675018
  logout: 1471088680326
ipAddress: 78.73.231.113
logoutlocation:
  world: world
  x: -40.01243853695862
  y: 68.0
  z: 258.0201115152689
  yaw: -283.9683
  pitch: 10.183677
lastlocation:
  world: world
  x: -6.056996904692732
  y: 63.0
  z: 306.5359604146432
  yaw: -116.329285
  pitch: 17.037989
