lastAccountName: _AreYouSirius
timestamps:
  login: 1472329450417
  logout: 1472329679482
ipAddress: 178.155.209.245
nickname: AndromedaSirius
logoutlocation:
  world: world
  x: -11.3977115637859
  y: 67.5
  z: 226.4865570063726
  yaw: 190.25981
  pitch: 5.8005514
