lastAccountName: ItzAdam14
timestamps:
  login: 1472414071014
  logout: 1472414185075
  mute: 0
ipAddress: 86.160.104.141
logoutlocation:
  world: world
  x: -9.975552143824292
  y: 67.5
  z: 242.12134559542437
  yaw: -50.730976
  pitch: 3.8781636
muted: true
