lastAccountName: ItzAdam14
timestamps:
  login: 1471721609291
  logout: 1471721659856
  mute: 0
ipAddress: 86.160.105.21
logoutlocation:
  world: world
  x: -9.975552143824292
  y: 68.0
  z: 242.12134559542437
  yaw: 10.966919
  pitch: 9.871674
muted: true
