lastAccountName: ItzAdam14
timestamps:
  login: 1471813837701
  logout: 1471813854900
  mute: 0
ipAddress: 86.160.104.141
logoutlocation:
  world: world
  x: -9.975552143824292
  y: 67.5
  z: 242.12134559542437
  yaw: -26.404377
  pitch: 11.281911
muted: true
