lastAccountName: XxepicxX11
timestamps:
  login: 1471897661173
  logout: 1471898591354
ipAddress: 24.144.213.182
logoutlocation:
  world: world
  x: -168.84025467122552
  y: 54.0
  z: -265.84710171947916
  yaw: 55.368774
  pitch: 34.349945
