lastAccountName: nibbles584
timestamps:
  login: 1471371634342
  logout: 1471371953716
ipAddress: 67.148.160.105
logoutlocation:
  world: world
  x: 90.08397876370415
  y: 69.0
  z: -28.869290589528347
  yaw: -141.14839
  pitch: 11.400053
