lastAccountName: _GuyTheKiller_
timestamps:
  login: 1471459759222
  logout: 1471460070127
ipAddress: 5.29.177.100
logoutlocation:
  world: world
  x: -168.4042019114267
  y: 69.0
  z: 24.319592083906052
  yaw: -21.14969
  pitch: 22.949945
