lastAccountName: _GuyTheKiller_
timestamps:
  login: 1471532916291
  logout: 1471533068752
ipAddress: 5.29.177.100
logoutlocation:
  world: world
  x: -52.1230346993799
  y: 68.0
  z: 251.59856280513696
  yaw: -208.7998
  pitch: 18.300007
lastlocation:
  world: world_nether
  x: -22.59170504965998
  y: 67.0
  z: 26.321659678740986
  yaw: 215.85075
  pitch: 10.800043
