lastAccountName: Ultimate_G_Dawg
timestamps:
  login: 1471199296738
  logout: 1471199504081
ipAddress: 86.170.253.75
logoutlocation:
  world: world
  x: -61.3125
  y: 62.07326432466507
  z: 166.80133222264666
  yaw: -35.897736
  pitch: 2.4000192
