lastAccountName: Danomanic
timestamps:
  login: 1471608009104
  logout: 1471608288670
  lastteleport: 1471608105416
ipAddress: 86.16.139.135
logoutlocation:
  world: world
  x: 490.29114441052485
  y: 11.0
  z: 103.26313626190596
  yaw: 11.552521
  pitch: 12.749944
lastlocation:
  world: world
  x: 445.38305939350323
  y: 13.0
  z: 115.3022214800412
  yaw: -184.49902
  pitch: -1.6498933
nickname: Dano
homes:
  home:
    world: world
    x: 399.40005101233737
    y: 66.0
    z: 102.43151451940658
    yaw: 71.55151
    pitch: 0.89990956
afk: false
