lastAccountName: Danomanic
timestamps:
  login: 1471557849202
  logout: 1471557883408
  lastteleport: 1471557577147
ipAddress: 86.16.139.135
logoutlocation:
  world: world
  x: 399.2176081481047
  y: 66.0
  z: 103.67153237728539
  yaw: 244.95087
  pitch: 15.600146
lastlocation:
  world: world
  x: -39.76115443283748
  y: 68.0
  z: 259.8532276205475
  yaw: 143.1
  pitch: 12.149994
nickname: Dano
homes:
  home:
    world: world
    x: 399.40005101233737
    y: 66.0
    z: 102.43151451940658
    yaw: 71.55151
    pitch: 0.89990956
afk: false
