lastAccountName: Danomanic
timestamps:
  login: 1471293465544
  logout: 1471294167456
ipAddress: 86.16.139.135
logoutlocation:
  world: world
  x: -35.7416663862239
  y: 68.0
  z: 252.27659167317083
  yaw: 39.899868
  pitch: 5.9999976
lastlocation:
  world: world_nether
  x: -34.86100293854329
  y: 65.875
  z: 38.08273265518488
  yaw: 120.74857
  pitch: 2.8499389
