lastAccountName: Danomanic
timestamps:
  login: 1472305628148
  logout: 1472305926262
  lastteleport: 1472305880598
ipAddress: 86.16.139.135
logoutlocation:
  world: world
  x: 399.25695272546074
  y: 66.0
  z: 101.43888821018898
  yaw: -134.24844
  pitch: 9.149902
lastlocation:
  world: world
  x: -4.3895008888983424
  y: 68.0
  z: 226.68227391292368
  yaw: 328.04977
  pitch: 12.599995
nickname: Dano
homes:
  home:
    world: world
    x: 399.40005101233737
    y: 66.0
    z: 102.43151451940658
    yaw: 71.55151
    pitch: 0.89990956
afk: false
