lastAccountName: Danomanic
timestamps:
  login: 1472248301922
  logout: 1472248689057
  lastteleport: 1472248619281
ipAddress: 86.16.139.135
logoutlocation:
  world: world
  x: 400.4975141068186
  y: 66.0
  z: 101.43120936235383
  yaw: 9.001282
  pitch: 25.649914
lastlocation:
  world: world
  x: 638.4208240087526
  y: 11.0
  z: 104.30000001192093
  yaw: 278.85126
  pitch: 5.2497344
nickname: Dano
homes:
  home:
    world: world
    x: 399.40005101233737
    y: 66.0
    z: 102.43151451940658
    yaw: 71.55151
    pitch: 0.89990956
afk: false
