lastAccountName: Danomanic
timestamps:
  login: 1471380861284
  logout: 1471385025902
  lastteleport: 1471384951878
ipAddress: 86.16.139.135
logoutlocation:
  world: world
  x: 399.5
  y: 66.0
  z: 102.5
  yaw: 72.60151
  pitch: 0.59990996
lastlocation:
  world: world
  x: 360.65294524644935
  y: 70.0
  z: 118.27293393597567
  yaw: 72.89929
  pitch: -9.986162E-5
nickname: Dano
homes:
  home:
    world: world
    x: 399.40005101233737
    y: 66.0
    z: 102.43151451940658
    yaw: 71.55151
    pitch: 0.89990956
