lastAccountName: Danomanic
timestamps:
  login: 1471599532027
  logout: 1471599664785
  lastteleport: 1471557577147
ipAddress: 89.28.169.28
logoutlocation:
  world: world
  x: 399.25265476388796
  y: 66.0
  z: 103.21741618173702
  yaw: 73.051
  pitch: 12.00015
lastlocation:
  world: world
  x: -39.76115443283748
  y: 68.0
  z: 259.8532276205475
  yaw: 143.1
  pitch: 12.149994
nickname: Dano
homes:
  home:
    world: world
    x: 399.40005101233737
    y: 66.0
    z: 102.43151451940658
    yaw: 71.55151
    pitch: 0.89990956
afk: false
