lastAccountName: Danomanic
timestamps:
  login: 1471127238019
  logout: 1471127469333
ipAddress: 86.16.139.135
logoutlocation:
  world: world
  x: -41.16359374597412
  y: 68.0
  z: 261.1830693626932
  yaw: 94.350006
  pitch: 4.5000224
