lastAccountName: Danomanic
timestamps:
  login: 1472148972403
  logout: 1472149011848
  lastteleport: 1471608105416
ipAddress: 86.16.139.135
logoutlocation:
  world: world
  x: 569.5445939818528
  y: 11.0
  z: 104.98256465430946
  yaw: 106.95799
  pitch: -9.600045
lastlocation:
  world: world
  x: 445.38305939350323
  y: 13.0
  z: 115.3022214800412
  yaw: -184.49902
  pitch: -1.6498933
nickname: Dano
homes:
  home:
    world: world
    x: 399.40005101233737
    y: 66.0
    z: 102.43151451940658
    yaw: 71.55151
    pitch: 0.89990956
afk: false
