lastAccountName: Sammeh10
timestamps:
  login: 1471550289264
  logout: 1471550309332
  lastteleport: 1471061046994
ipAddress: 99.27.87.14
logoutlocation:
  world: world
  x: -71.30000001192093
  y: 42.0
  z: 559.5444706428427
  yaw: -66.74245
  pitch: 6.6000557
lastlocation:
  world: world
  x: -52.30000001192093
  y: 41.0
  z: 561.5899082348741
  yaw: -195.14072
  pitch: 33.600254
homes:
  home:
    world: world
    x: -52.30000001192093
    y: 41.0
    z: 561.5899082348741
    yaw: -264.89066
    pitch: 4.050264
