lastAccountName: Sammeh10
timestamps:
  login: 1471482725493
  logout: 1471482756436
  lastteleport: 1471061046994
ipAddress: 99.27.87.14
logoutlocation:
  world: world
  x: -65.37988107783812
  y: 41.0
  z: 559.6999999880791
  yaw: -120.292336
  pitch: 19.950008
lastlocation:
  world: world
  x: -52.30000001192093
  y: 41.0
  z: 561.5899082348741
  yaw: -195.14072
  pitch: 33.600254
homes:
  home:
    world: world
    x: -52.30000001192093
    y: 41.0
    z: 561.5899082348741
    yaw: -264.89066
    pitch: 4.050264
