lastAccountName: Sammeh10
timestamps:
  login: 1471660135875
  logout: 1471660291881
  lastteleport: 1471061046994
ipAddress: 99.27.87.14
logoutlocation:
  world: world
  x: -73.69999998807907
  y: 45.0
  z: 560.5121425300363
  yaw: -270.8899
  pitch: -48.899902
lastlocation:
  world: world
  x: -52.30000001192093
  y: 41.0
  z: 561.5899082348741
  yaw: -195.14072
  pitch: 33.600254
homes:
  home:
    world: world
    x: -52.30000001192093
    y: 41.0
    z: 561.5899082348741
    yaw: -264.89066
    pitch: 4.050264
