lastAccountName: Sammeh10
timestamps:
  login: 1471204623085
  logout: 1471204641872
  lastteleport: 1471061046994
ipAddress: 99.27.87.14
logoutlocation:
  world: world
  x: -61.76249998807907
  y: 41.0
  z: 558.0148453953839
  yaw: 86.70798
  pitch: 42.44999
lastlocation:
  world: world
  x: -52.30000001192093
  y: 41.0
  z: 561.5899082348741
  yaw: -195.14072
  pitch: 33.600254
homes:
  home:
    world: world
    x: -52.30000001192093
    y: 41.0
    z: 561.5899082348741
    yaw: -264.89066
    pitch: 4.050264
