lastAccountName: Sammeh10
timestamps:
  login: 1471824527557
  logout: 1471824585478
  lastteleport: 1471824554354
ipAddress: 99.27.87.14
logoutlocation:
  world: world
  x: -15.830770600223548
  y: 69.0
  z: 277.92871284365117
  yaw: -7.3499146
  pitch: 14.999939
lastlocation:
  world: world
  x: -73.69999998807907
  y: 44.0
  z: 559.3000000119209
  yaw: -121.49057
  pitch: 32.850075
homes:
  home:
    world: world
    x: -52.30000001192093
    y: 41.0
    z: 561.5899082348741
    yaw: -264.89066
    pitch: 4.050264
