lastAccountName: GettoEnno
timestamps:
  login: 1471794249412
  logout: 1471794510105
ipAddress: 109.177.116.49
logoutlocation:
  world: world
  x: -182.30000001192093
  y: 65.0
  z: -23.517474310759887
  yaw: -20.193195
  pitch: 18.742834
