lastAccountName: conza3000
timestamps:
  login: 1472517529542
  logout: 1472517801964
ipAddress: 94.195.192.178
homes:
  home:
    world: world
    x: -146.84826437916985
    y: 80.0
    z: 411.4122286156861
    yaw: -267.4526
    pitch: 2.3999023
logoutlocation:
  world: world
  x: -150.59724189478356
  y: 21137.36310934554
  z: 429.5125928754469
  yaw: -84.16858
  pitch: 30.599983
