lastAccountName: conza3000
timestamps:
  login: 1472552634473
  logout: 1472552642575
ipAddress: 94.195.192.178
homes:
  home:
    world: world
    x: -146.84826437916985
    y: 80.0
    z: 411.4122286156861
    yaw: -267.4526
    pitch: 2.3999023
logoutlocation:
  world: world
  x: -148.43915049605454
  y: 21473.734023671255
  z: 434.38244872048455
  yaw: -179.86862
  pitch: 37.649704
