lastAccountName: HWSNBN
timestamps:
  login: 1472332848318
  logout: 1472335510014
ipAddress: 77.96.31.38
lastlocation:
  world: world
  x: -136.87873686698254
  y: 64.0
  z: 254.93795580937345
  yaw: -347.75034
  pitch: 15.1499815
logoutlocation:
  world: world
  x: -473.81997974724914
  y: 14.0
  z: 749.1985836676452
  yaw: -182.98633
  pitch: 30.599989
