lastAccountName: HWSNBN
timestamps:
  login: 1472418886504
  logout: 1472424974042
  lastteleport: 1472424166427
ipAddress: 77.96.31.38
lastlocation:
  world: world
  x: -41.086148967221
  y: 68.0
  z: 256.4341406365552
  yaw: -270.19995
  pitch: 6.299997
logoutlocation:
  world: world
  x: -475.97274160189437
  y: 14.0
  z: 745.9085283942283
  yaw: 179.26254
  pitch: 11.250039
homes:
  home:
    world: world
    x: -474.37279558434534
    y: 14.0
    z: 752.9767024252361
    yaw: -170.38574
    pitch: 24.29985
