lastAccountName: HWSNBN
timestamps:
  login: 1472507467130
  logout: 1472508550793
  lastteleport: 1472507483039
ipAddress: 77.96.31.38
lastlocation:
  world: world
  x: -39.36301261048517
  y: 68.0
  z: 256.4314347000022
  yaw: -144.04996
  pitch: 4.949997
logoutlocation:
  world: world
  x: -460.69999998807907
  y: 14.0
  z: 824.0649700185782
  yaw: 179.71704
  pitch: 6.6000805
homes:
  home:
    world: world
    x: -474.37279558434534
    y: 14.0
    z: 752.9767024252361
    yaw: -170.38574
    pitch: 24.29985
