lastAccountName: Turturdar
timestamps:
  login: 1470963367669
  logout: 1470964236206
ipAddress: 198.84.170.68
logoutlocation:
  world: world
  x: 584.3483849421523
  y: 64.0
  z: 219.8926125614855
  yaw: -124.388794
  pitch: 8.566274
