lastAccountName: creeperparty555
timestamps:
  login: 1471431758604
  logout: 1471431802033
ipAddress: 81.156.167.161
logoutlocation:
  world: world
  x: -29.508278851958988
  y: 68.0
  z: 257.0226417066559
  yaw: -55.823883
  pitch: 12.652901
