lastAccountName: ILoveCupcakes456
timestamps:
  login: 1471086558208
  logout: 1471086680122
ipAddress: 211.31.164.201
logoutlocation:
  world: world
  x: -34.4877202569169
  y: 73.0
  z: 254.5513100864957
  yaw: 322.3474
  pitch: 18.29996
