lastAccountName: PsquawOsaurus
timestamps:
  login: 1471317242056
  logout: 1471318061756
ipAddress: 108.8.233.214
lastlocation:
  world: world
  x: -165.78467213837354
  y: 67.875
  z: 13.139099051698837
  yaw: 174.1595
  pitch: 69.600044
logoutlocation:
  world: world
  x: 10.91118075040712
  y: 76.5
  z: 251.69102766131977
  yaw: 140.10011
  pitch: 79.20008
afk: false
