lastAccountName: DidntFindAName
timestamps:
  login: 1471034419157
  logout: 1471035535864
ipAddress: 84.208.234.185
lastlocation:
  world: world
  x: -54.485457298745104
  y: 63.0
  z: 134.76087445885332
  yaw: 353.70023
  pitch: 28.50004
logoutlocation:
  world: world
  x: 424.62326660869996
  y: 64.0
  z: 60.22568053417995
  yaw: 245.68568
  pitch: 19.950188
