lastAccountName: dingus_khan
timestamps:
  login: 1472216251881
  logout: 1472216820506
ipAddress: 197.87.133.179
homes:
  home:
    world: world
    x: 461.2215120348177
    y: 65.0
    z: 190.42465154878442
    yaw: -296.10547
    pitch: -0.7098955
logoutlocation:
  world: world
  x: 469.4348679506516
  y: 69.0
  z: 238.7759210495986
  yaw: -178.44348
  pitch: 12.512641
