lastAccountName: Fayzey
timestamps:
  login: 1471924667339
  logout: 1471924728489
ipAddress: 184.153.202.125
logoutlocation:
  world: world
  x: -11.293851889220207
  y: 67.5
  z: 224.01655429699483
  yaw: 93.59431
  pitch: 10.660437
