lastAccountName: B3NR0X
timestamps:
  login: 1471195540993
  logout: 1471195588207
ipAddress: 146.66.142.213
logoutlocation:
  world: world
  x: -49.58926425882181
  y: 68.0
  z: 259.8153592356913
  yaw: 3.599997
  pitch: 6.15
