lastAccountName: ghostninja38
timestamps:
  login: 1470775098629
  logout: 1470775213354
  lastteleport: 1470775184637
  kits:
    tools: 1470775185004
ipAddress: 108.19.30.103
logoutlocation:
  world: world
  x: -46.052129015776885
  y: 68.0
  z: 268.29187294347395
  yaw: 315.14966
  pitch: 20.549982
lastlocation:
  world: world
  x: -39.5
  y: 69.0
  z: 256.5
  yaw: 3.45
  pitch: 2.8500004
