lastAccountName: DrizzlyOwl
timestamps:
  login: 1471690111412
  logout: 1471690255765
  lastteleport: 1471642760831
  kits:
    color: 1470953260568
    notch: 1470953243511
    tools: 1471641719296
ipAddress: 176.27.13.83
logoutlocation:
  world: world
  x: -4.448577747086
  y: 74.88178979525807
  z: 255.35657330310272
  yaw: -247.65054
  pitch: 9.299751
lastlocation:
  world: world
  x: -2.565011394982359
  y: 68.0
  z: 248.9605487443435
  yaw: 3.299382
  pitch: 12.449798
money: '0'
afk: false
socialspy: true
godmode: false
homes:
  home:
    world: world
    x: -52.3603446982414
    y: 72.0625
    z: 219.79907195739824
    yaw: -193.04996
    pitch: 12.599992
