lastAccountName: DrizzlyOwl
timestamps:
  login: 1471362912788
  logout: 1471361483899
  lastteleport: 1471262905154
  kits:
    color: 1470953260568
    notch: 1470953243511
ipAddress: 176.27.13.83
logoutlocation:
  world: world
  x: -48.45301542844478
  y: 68.0
  z: 271.8876816962625
  yaw: -152.698
  pitch: 12.4500065
lastlocation:
  world: world_nether
  x: 4.5
  y: 68.0
  z: 41.5
  yaw: 41.85
  pitch: 7.7999997
money: '150.0'
afk: false
socialspy: true
