lastAccountName: DrizzlyOwl
timestamps:
  login: 1471279219320
  logout: 1471281441702
  lastteleport: 1471262905154
  kits:
    color: 1470953260568
    notch: 1470953243511
ipAddress: 188.166.170.87
logoutlocation:
  world: world
  x: -65.4201901721158
  y: 68.0
  z: 271.552104383059
  yaw: -162.59935
  pitch: 15.150009
lastlocation:
  world: world_nether
  x: 4.5
  y: 68.0
  z: 41.5
  yaw: 41.85
  pitch: 7.7999997
money: '150.0'
afk: false
socialspy: true
