lastAccountName: DrizzlyOwl
timestamps:
  login: 1471440681352
  logout: 1471440820163
  lastteleport: 1471440696764
  kits:
    color: 1470953260568
    notch: 1470953243511
ipAddress: 212.159.92.9
logoutlocation:
  world: world
  x: -53.74727799261941
  y: 68.0
  z: 228.74323911283955
  yaw: -94.19992
  pitch: 9.899994
lastlocation:
  world: world
  x: -331.0393117149412
  y: 77.0
  z: 106.78392230589606
  yaw: -100.05051
  pitch: 4.799988
money: '150.0'
afk: false
socialspy: true
godmode: false
homes:
  home:
    world: world
    x: -52.3603446982414
    y: 72.0625
    z: 219.79907195739824
    yaw: -193.04996
    pitch: 12.599992
