lastAccountName: DrizzlyOwl
timestamps:
  login: 1471553523267
  logout: 1471554317742
  lastteleport: 1471554316463
  kits:
    color: 1470953260568
    notch: 1470953243511
ipAddress: 176.27.13.83
logoutlocation:
  world: world
  x: -52.5
  y: 72.0
  z: 219.5
  yaw: -193.04996
  pitch: 12.599992
lastlocation:
  world: world
  x: -4741.745229613817
  y: 51.0
  z: 10525.814145418897
  yaw: -5.6211853
  pitch: 13.050183
money: '150.0'
afk: false
socialspy: true
godmode: false
homes:
  home:
    world: world
    x: -52.3603446982414
    y: 72.0625
    z: 219.79907195739824
    yaw: -193.04996
    pitch: 12.599992
