lastAccountName: JeffTheThriller
timestamps:
  login: 1471960067964
  kits:
    tools: 1470775828075
  lastteleport: 1471960802201
  logout: 1471964446777
  mute: 0
ipAddress: 5.64.179.100
lastlocation:
  world: world
  x: -4729.324658900555
  y: 45.0
  z: 10493.917243708549
  yaw: 89.61264
  pitch: 2.4000034
afk: false
logoutlocation:
  world: world
  x: -4662.225793597232
  y: 64.0
  z: 10355.741933193705
  yaw: -313.73413
  pitch: 29.69995
homes:
  home:
    world: world
    x: -4715.306800174748
    y: 45.0
    z: 10493.500296808772
    yaw: 55.26263
    pitch: 4.8
nickname: Harley
muted: false
godmode: false
