lastAccountName: JeffTheThriller
timestamps:
  login: 1471268938878
  kits:
    tools: 1470775828075
  lastteleport: 1471214830677
  logout: 1471268980957
ipAddress: 90.196.207.201
lastlocation:
  world: world
  x: -4801.552356863566
  y: 40.0
  z: 10508.832992529784
  yaw: -218.78772
  pitch: 52.199966
afk: false
logoutlocation:
  world: world
  x: -4755.165006586019
  y: 63.0
  z: 10522.354114012314
  yaw: -118.88744
  pitch: -1.6502103
homes:
  home:
    world: world
    x: -4715.306800174748
    y: 45.0
    z: 10493.500296808772
    yaw: 55.26263
    pitch: 4.8
nickname: Elle_From_Hell
