lastAccountName: JeffTheThriller
timestamps:
  login: 1471382495634
  kits:
    tools: 1470775828075
  lastteleport: 1471387278771
  logout: 1471391673709
ipAddress: 2.219.23.229
lastlocation:
  world: world_the_end
  x: -17.247374909352335
  y: 47.5
  z: 477.40518757562444
  yaw: -88.130226
  pitch: 15.000106
afk: false
logoutlocation:
  world: world
  x: -4745.476234113658
  y: 63.0
  z: 10517.81959185679
  yaw: -318.82587
  pitch: -15.299975
homes:
  home:
    world: world
    x: -4715.306800174748
    y: 45.0
    z: 10493.500296808772
    yaw: 55.26263
    pitch: 4.8
nickname: Ellie
