lastAccountName: JeffTheThriller
timestamps:
  login: 1472257909057
  kits:
    tools: 1470775828075
  lastteleport: 1472255179232
  logout: 1472257979882
  mute: 0
ipAddress: 5.65.91.46
lastlocation:
  world: world
  x: 1018.3232162459957
  y: 71.0
  z: 2501.6777213377627
  yaw: 270.3849
  pitch: 21.78136
afk: false
logoutlocation:
  world: world
  x: -4715.5
  y: 45.0
  z: 10493.5
  yaw: 70.90301
  pitch: -0.18173113
homes:
  home:
    world: world
    x: -4715.306800174748
    y: 45.0
    z: 10493.500296808772
    yaw: 55.26263
    pitch: 4.8
nickname: Harley
muted: false
godmode: false
