lastAccountName: JeffTheThriller
timestamps:
  login: 1471482189136
  kits:
    tools: 1470775828075
  lastteleport: 1471469315687
  logout: 1471483968424
  mute: 0
ipAddress: 5.71.243.173
lastlocation:
  world: world
  x: -4706.591578855679
  y: 42.0
  z: 10490.699999988079
  yaw: -157.95038
  pitch: -73.94999
afk: false
logoutlocation:
  world: world
  x: -4754.180195872886
  y: 63.0
  z: 10524.108638982894
  yaw: 279.06396
  pitch: -16.049995
homes:
  home:
    world: world
    x: -4715.306800174748
    y: 45.0
    z: 10493.500296808772
    yaw: 55.26263
    pitch: 4.8
nickname: Harley
muted: false
