lastAccountName: JeffTheThriller
timestamps:
  login: 1472410011669
  kits:
    tools: 1470775828075
  lastteleport: 1472404837824
  logout: 1472414082893
  mute: 0
ipAddress: 2.219.28.91
lastlocation:
  world: world
  x: -4716.269699191575
  y: 69.0
  z: 10471.184788424494
  yaw: -356.66748
  pitch: 19.815388
afk: false
logoutlocation:
  world: world
  x: -4717.681718066112
  y: 70.0
  z: 10451.300000011921
  yaw: -264.2178
  pitch: 37.119644
homes:
  home:
    world: world
    x: -4715.306800174748
    y: 45.0
    z: 10493.500296808772
    yaw: 55.26263
    pitch: 4.8
nickname: Harley
muted: false
godmode: false
