lastAccountName: JeffTheThriller
timestamps:
  login: 1471135029156
  kits:
    tools: 1470775828075
  lastteleport: 1471137009666
  logout: 1471139119481
ipAddress: 5.71.241.214
lastlocation:
  world: world
  x: -19.52125191842534
  y: 144.0
  z: 220.71849127927524
  yaw: -225.44218
  pitch: 4.349932
afk: false
logoutlocation:
  world: world
  x: -4712.50074993071
  y: 45.0
  z: 10493.783515752555
  yaw: 86.76178
  pitch: 11.850028
homes:
  home:
    world: world
    x: -4715.306800174748
    y: 45.0
    z: 10493.500296808772
    yaw: 55.26263
    pitch: 4.8
nickname: Elle_From_Hell
