lastAccountName: JeffTheThriller
timestamps:
  login: 1472234453145
  kits:
    tools: 1470775828075
  lastteleport: 1472239136430
  logout: 1472240771846
  mute: 0
ipAddress: 5.65.91.46
lastlocation:
  world: world
  x: -4869.300000011921
  y: 11.0
  z: 7798.276779426352
  yaw: 181.71217
  pitch: 10.7999935
afk: false
logoutlocation:
  world: world
  x: -4713.5396859762395
  y: 45.0
  z: 10492.816836935635
  yaw: -162.83711
  pitch: 27.450008
homes:
  home:
    world: world
    x: -4715.306800174748
    y: 45.0
    z: 10493.500296808772
    yaw: 55.26263
    pitch: 4.8
nickname: Harley
muted: false
godmode: false
