lastAccountName: JeffTheThriller
timestamps:
  login: 1472156877985
  kits:
    tools: 1470775828075
  lastteleport: 1472153354137
  logout: 1472154207365
  mute: 0
ipAddress: 5.65.91.46
lastlocation:
  world: world
  x: -39.76115443283748
  y: 68.0
  z: 259.8532276205475
  yaw: -0.89999604
  pitch: 10.049995
afk: false
logoutlocation:
  world: world
  x: -4716.503847026469
  y: 45.0
  z: 10496.787763706985
  yaw: -3.53479
  pitch: 26.549938
homes:
  home:
    world: world
    x: -4715.306800174748
    y: 45.0
    z: 10493.500296808772
    yaw: 55.26263
    pitch: 4.8
nickname: Harley
muted: false
godmode: false
