lastAccountName: JeffTheThriller
timestamps:
  login: 1472216965891
  kits:
    tools: 1470775828075
  lastteleport: 1472173899386
  logout: 1472217251082
  mute: 0
ipAddress: 5.65.91.46
lastlocation:
  world: world
  x: -4696.459116926664
  y: 63.0
  z: 10394.574045737956
  yaw: -342.43604
  pitch: 1.9500062
afk: false
logoutlocation:
  world: world
  x: -4716.561231782003
  y: 45.0
  z: 10492.0998897518
  yaw: 137.31274
  pitch: 12.449989
homes:
  home:
    world: world
    x: -4715.306800174748
    y: 45.0
    z: 10493.500296808772
    yaw: 55.26263
    pitch: 4.8
nickname: Harley
muted: false
godmode: false
