lastAccountName: JeffTheThriller
timestamps:
  login: 1472328441052
  kits:
    tools: 1470775828075
  lastteleport: 1472329408435
  logout: 1472328290884
  mute: 0
ipAddress: 5.65.95.66
lastlocation:
  world: world
  x: -39.36301261048517
  y: 68.0
  z: 256.4314347000022
  yaw: -181.24994
  pitch: 1.9499964
afk: false
logoutlocation:
  world: world
  x: -4723.537705793199
  y: 75.0
  z: 10443.430585576803
  yaw: -262.04486
  pitch: 14.460299
homes:
  home:
    world: world
    x: -4715.306800174748
    y: 45.0
    z: 10493.500296808772
    yaw: 55.26263
    pitch: 4.8
nickname: Harley
muted: false
godmode: false
