lastAccountName: JeffTheThriller
timestamps:
  login: 1471293949599
  kits:
    tools: 1470775828075
  lastteleport: 1471293318880
  logout: 1471294209296
ipAddress: 2.216.214.41
lastlocation:
  world: world
  x: -4737.2752605847845
  y: 63.0
  z: 10525.302434120675
  yaw: 174.8999
  pitch: 21.000013
afk: false
logoutlocation:
  world: world
  x: -4755.570062618178
  y: 63.0625
  z: 10472.687697530979
  yaw: 352.4647
  pitch: 33.299953
homes:
  home:
    world: world
    x: -4715.306800174748
    y: 45.0
    z: 10493.500296808772
    yaw: 55.26263
    pitch: 4.8
nickname: Elle_From_Hell
