lastAccountName: JeffTheThriller
timestamps:
  login: 1472605508849
  kits:
    tools: 1470775828075
  lastteleport: 1472594445782
  logout: 1472605543600
  mute: 0
ipAddress: 5.64.191.88
lastlocation:
  world: world
  x: -4718.366884641406
  y: 45.0
  z: 10493.300000011921
  yaw: -77.17944
  pitch: 24.443562
afk: false
logoutlocation:
  world: world
  x: -4706.300000011921
  y: 7884.758138856291
  z: 10494.580847814983
  yaw: 50.439087
  pitch: -15.791413
homes:
  home:
    world: world
    x: -4715.306800174748
    y: 45.0
    z: 10493.500296808772
    yaw: 55.26263
    pitch: 4.8
nickname: Harley
muted: false
godmode: false
