lastAccountName: JeffTheThriller
timestamps:
  login: 1471916379059
  kits:
    tools: 1470775828075
  lastteleport: 1471916538087
  logout: 1471916557073
  mute: 0
ipAddress: 5.64.179.100
lastlocation:
  world: world
  x: -4707.876177780687
  y: 63.0
  z: 10408.325448814432
  yaw: -130.26659
  pitch: 14.550003
afk: false
logoutlocation:
  world: world
  x: -4715.5
  y: 45.0
  z: 10493.5
  yaw: 55.26263
  pitch: 4.8
homes:
  home:
    world: world
    x: -4715.306800174748
    y: 45.0
    z: 10493.500296808772
    yaw: 55.26263
    pitch: 4.8
nickname: Harley
muted: false
godmode: false
