lastAccountName: JeffTheThriller
timestamps:
  login: 1472338529446
  kits:
    tools: 1470775828075
  lastteleport: 1472332735756
  logout: 1472339058110
  mute: 0
ipAddress: 5.65.95.66
lastlocation:
  world: world
  x: -4684.632713261787
  y: 46.0
  z: 10504.300000011921
  yaw: -91.41044
  pitch: 38.087303
afk: false
logoutlocation:
  world: world
  x: -4722.4585306315985
  y: 70.0
  z: 10452.132162142201
  yaw: -17.297913
  pitch: 48.766705
homes:
  home:
    world: world
    x: -4715.306800174748
    y: 45.0
    z: 10493.500296808772
    yaw: 55.26263
    pitch: 4.8
nickname: Harley
muted: false
godmode: false
