lastAccountName: JeffTheThriller
timestamps:
  login: 1471563838027
  kits:
    tools: 1470775828075
  lastteleport: 1471543571737
  logout: 1471568361146
  mute: 0
ipAddress: 5.71.243.173
lastlocation:
  world: world_the_end
  x: -159.28308265848824
  y: 59.0
  z: -1353.5738280049543
  yaw: 348.15173
  pitch: 13.650076
afk: false
logoutlocation:
  world: world
  x: -4717.817679728566
  y: 45.0
  z: 10494.276008050114
  yaw: 274.1128
  pitch: 14.250061
homes:
  home:
    world: world
    x: -4715.306800174748
    y: 45.0
    z: 10493.500296808772
    yaw: 55.26263
    pitch: 4.8
nickname: Harley
muted: false
godmode: false
