lastAccountName: JeffTheThriller
timestamps:
  login: 1471816315396
  kits:
    tools: 1470775828075
  lastteleport: 1471825108691
  logout: 1471825288005
  mute: 0
ipAddress: 2.125.47.5
lastlocation:
  world: world
  x: -39.76115443283748
  y: 68.0
  z: 259.8532276205475
  yaw: -1.4999961
  pitch: 10.949995
afk: false
logoutlocation:
  world: world
  x: -4712.019788142938
  y: 45.0
  z: 10497.707153626829
  yaw: -221.33731
  pitch: 5.3999963
homes:
  home:
    world: world
    x: -4715.306800174748
    y: 45.0
    z: 10493.500296808772
    yaw: 55.26263
    pitch: 4.8
nickname: Harley
muted: false
godmode: false
