lastAccountName: JeffTheThriller
timestamps:
  login: 1472081297476
  kits:
    tools: 1470775828075
  lastteleport: 1472081420993
  logout: 1472085593703
  mute: 0
ipAddress: 2.220.184.210
lastlocation:
  world: world
  x: -4410.8025390636185
  y: 73.0
  z: 9504.435231673724
  yaw: 54.37059
  pitch: 29.24999
afk: false
logoutlocation:
  world: world
  x: -4712.661884152322
  y: 45.0
  z: 10496.587080773634
  yaw: 99.36306
  pitch: 16.799992
homes:
  home:
    world: world
    x: -4715.306800174748
    y: 45.0
    z: 10493.500296808772
    yaw: 55.26263
    pitch: 4.8
nickname: Harley
muted: false
godmode: false
