lastAccountName: JeffTheThriller
timestamps:
  login: 1472434386258
  kits:
    tools: 1470775828075
  lastteleport: 1472404837824
  logout: 1472434947967
  mute: 0
ipAddress: 2.219.28.91
lastlocation:
  world: world
  x: -4716.269699191575
  y: 69.0
  z: 10471.184788424494
  yaw: -356.66748
  pitch: 19.815388
afk: false
logoutlocation:
  world: world
  x: -4729.97512531921
  y: 68.0
  z: 10470.616919008753
  yaw: -334.40723
  pitch: 1.1493672
homes:
  home:
    world: world
    x: -4715.306800174748
    y: 45.0
    z: 10493.500296808772
    yaw: 55.26263
    pitch: 4.8
nickname: Harley
muted: false
godmode: false
