lastAccountName: JeffTheThriller
timestamps:
  login: 1472000059948
  kits:
    tools: 1470775828075
  lastteleport: 1472007023979
  logout: 1472007163044
  mute: 0
ipAddress: 2.220.184.210
lastlocation:
  world: world
  x: -4614.52464989212
  y: 36.0
  z: 9379.150263345855
  yaw: -25.608398
  pitch: -11.699958
afk: false
logoutlocation:
  world: world
  x: -4415.300000011921
  y: 71.0
  z: 9462.370203930013
  yaw: -34.879395
  pitch: 12.899983
homes:
  home:
    world: world
    x: -4715.306800174748
    y: 45.0
    z: 10493.500296808772
    yaw: 55.26263
    pitch: 4.8
nickname: Harley
muted: false
godmode: false
