lastAccountName: JeffTheThriller
timestamps:
  login: 1471347047161
  kits:
    tools: 1470775828075
  lastteleport: 1471349529627
  logout: 1471350040038
ipAddress: 2.219.23.229
lastlocation:
  world: world
  x: -1480.40103375302
  y: 16.0
  z: -6.300000011920929
  yaw: 17.257195
  pitch: -0.6000018
afk: false
logoutlocation:
  world: world
  x: -4742.300000011921
  y: 49.564809167868184
  z: 10493.699999988079
  yaw: -103.13733
  pitch: 90.0
homes:
  home:
    world: world
    x: -4715.306800174748
    y: 45.0
    z: 10493.500296808772
    yaw: 55.26263
    pitch: 4.8
nickname: Elle_From_Hell
