lastAccountName: JeffTheThriller
timestamps:
  login: 1472574775115
  kits:
    tools: 1470775828075
  lastteleport: 1472521059112
  logout: 1472575099528
  mute: 0
ipAddress: 5.64.191.88
lastlocation:
  world: world
  x: -4812.445023530207
  y: 19.0
  z: 7890.624610097699
  yaw: -70.881775
  pitch: -69.3987
afk: false
logoutlocation:
  world: world
  x: -4701.699999988079
  y: 41.5625
  z: 10499.699999988079
  yaw: -185.33301
  pitch: -0.5244149
homes:
  home:
    world: world
    x: -4715.306800174748
    y: 45.0
    z: 10493.500296808772
    yaw: 55.26263
    pitch: 4.8
nickname: Harley
muted: false
godmode: false
