lastAccountName: JDBrault
timestamps:
  login: 1471962217178
  lastteleport: 1471366096662
  logout: 1471962294028
ipAddress: 24.60.226.124
lastlocation:
  world: world
  x: -155.48578415926067
  y: 93.0
  z: 315.69999998807907
  yaw: 2.5513916
  pitch: 31.050009
logoutlocation:
  world: world
  x: -152.55096738769257
  y: 91.0
  z: 315.0608355526125
  yaw: -301.05014
  pitch: 29.249998
afk: false
