lastAccountName: JDBrault
timestamps:
  login: 1471457092698
  lastteleport: 1471366096662
  logout: 1471457404122
ipAddress: 24.60.226.124
lastlocation:
  world: world
  x: -155.48578415926067
  y: 93.0
  z: 315.69999998807907
  yaw: 2.5513916
  pitch: 31.050009
logoutlocation:
  world: world
  x: -154.60167455876044
  y: 93.0
  z: 312.89941079822825
  yaw: 91.64993
  pitch: 31.650047
afk: false
