lastAccountName: PTCamera
timestamps:
  login: 1471381245382
  logout: 1471382159504
ipAddress: 86.16.139.135
afk: false
logoutlocation:
  world: world
  x: -38.30000001192093
  y: 67.0
  z: 234.5940237940422
  yaw: 162.14995
  pitch: -0.29999906
