lastAccountName: ClarityOsu
timestamps:
  login: 1471399641015
  lastteleport: 1471400744984
  logout: 1471400802750
ipAddress: 68.83.114.216
lastlocation:
  world: world
  x: 107.69999998807907
  y: 66.0
  z: -38.96322147575852
  yaw: 267.31323
  pitch: 6.750037
homes:
  home:
    world: world
    x: -58.83930062771122
    y: 52.0
    z: 532.4656555084106
    yaw: 91.4769
    pitch: 27.633127
afk: false
logoutlocation:
  world: world
  x: -52.28935012355932
  y: 53.5
  z: 531.8943410006414
  yaw: 291.57642
  pitch: 7.533141
nickname: egger69
