lastAccountName: VirusSenpai
timestamps:
  login: 1471798091754
  logout: 1471798284737
ipAddress: 82.12.213.43
logoutlocation:
  world: world
  x: -353.29458423854777
  y: 88.0
  z: 177.30000001192093
  yaw: 124.633575
  pitch: 7.6240788
