lastAccountName: ZzZoLe
timestamps:
  login: 1470781822920
  logout: 1470781861747
ipAddress: 24.118.120.7
logoutlocation:
  world: world
  x: -17.61260388807225
  y: 70.0
  z: 246.56121755362315
  yaw: -14.468877
  pitch: 15.466691
