lastAccountName: LilleUlle
timestamps:
  login: 1471034321724
  logout: 1471035429769
ipAddress: 88.89.185.67
afk: false
logoutlocation:
  world: world
  x: 270.9232547601344
  y: 74.0
  z: 110.52329280557257
  yaw: -213.2972
  pitch: 1.200177
lastlocation:
  world: world
  x: 102.30000001192094
  y: 61.0
  z: 8.570542522294886
  yaw: -328.49963
  pitch: 8.100001
