lastAccountName: Skyking_Caton
timestamps:
  login: 1472388029520
  logout: 1472390040681
  lastteleport: 1472389109030
ipAddress: 78.73.231.113
logoutlocation:
  world: world
  x: -513.5495729726689
  y: 63.0
  z: 1924.9126923609983
  yaw: -357.9203
  pitch: 19.729916
lastlocation:
  world: world
  x: -500.59499574702284
  y: 105.0
  z: 1960.7482212968528
  yaw: -293.6228
  pitch: 47.24091
afk: false
homes:
  home:
    world: world
    x: -513.3251878005855
    y: 63.0
    z: 1925.1453157024373
    yaw: -178.00342
    pitch: 22.725079
money: '0'
