lastAccountName: Skyking_Caton
timestamps:
  login: 1472336358199
  logout: 1472342381904
  lastteleport: 1472340909379
ipAddress: 78.73.231.113
logoutlocation:
  world: world
  x: -520.6032391381361
  y: 63.0
  z: 1924.9235406923729
  yaw: -27.492676
  pitch: 36.303146
lastlocation:
  world: world
  x: -21.40417589565166
  y: 93.0625
  z: 220.4374161427975
  yaw: 155.8648
  pitch: 69.16448
afk: false
homes:
  home:
    world: world
    x: -513.3251878005855
    y: 63.0
    z: 1925.1453157024373
    yaw: -178.00342
    pitch: 22.725079
money: '0'
