lastAccountName: Skyking_Caton
timestamps:
  login: 1471203537788
  logout: 1471206563524
  lastteleport: 1471178539745
ipAddress: 78.73.231.113
logoutlocation:
  world: world
  x: -268.62181205124193
  y: 80.0
  z: 166.70905621048314
  yaw: -137.30197
  pitch: 31.828636
lastlocation:
  world: world
  x: -288.7089420517572
  y: 80.0
  z: 176.36676174850993
  yaw: -311.29242
  pitch: 49.39605
afk: false
