lastAccountName: Skyking_Caton
timestamps:
  login: 1471795732012
  logout: 1471800712853
  lastteleport: 1471800659650
ipAddress: 78.73.231.113
logoutlocation:
  world: world
  x: -513.9836952514967
  y: 63.0
  z: 1924.4795338164565
  yaw: -18.838135
  pitch: 25.04535
lastlocation:
  world: world
  x: 10.980184597702177
  y: 58.0
  z: 245.74013762898343
  yaw: -307.60364
  pitch: 30.103413
afk: false
homes:
  home:
    world: world
    x: -513.3251878005855
    y: 63.0
    z: 1925.1453157024373
    yaw: -178.00342
    pitch: 22.725079
money: '0'
