lastAccountName: Skyking_Caton
timestamps:
  login: 1471431900519
  logout: 1471432170028
  lastteleport: 1471381040720
ipAddress: 78.73.231.113
logoutlocation:
  world: world
  x: -268.6603296454248
  y: 80.0
  z: 163.96415318120415
  yaw: 38.44787
  pitch: 11.1040535
lastlocation:
  world: world
  x: -293.42366802890734
  y: 80.0
  z: 171.00511412655604
  yaw: -185.83203
  pitch: 0.33952877
afk: false
homes:
  home:
    world: world
    x: -272.62152221250705
    y: 80.0
    z: 172.73192136709196
    yaw: -262.37305
    pitch: 28.347996
