lastAccountName: Skyking_Caton
timestamps:
  login: 1472297634910
  logout: 1472302644748
  lastteleport: 1472301192541
ipAddress: 78.73.231.113
logoutlocation:
  world: world
  x: -509.2083307392543
  y: 63.0
  z: 1924.8423318430218
  yaw: -287.41846
  pitch: 19.067183
lastlocation:
  world: world
  x: -434.97764583823755
  y: 55.0
  z: 1937.5552203931009
  yaw: -269.46436
  pitch: -3.3068254
afk: false
homes:
  home:
    world: world
    x: -513.3251878005855
    y: 63.0
    z: 1925.1453157024373
    yaw: -178.00342
    pitch: 22.725079
money: '0'
