lastAccountName: Skyking_Caton
timestamps:
  login: 1471720901881
  logout: 1471724251319
  lastteleport: 1471724149560
ipAddress: 78.73.231.113
logoutlocation:
  world: world
  x: -511.76767013524784
  y: 114.0
  z: 1927.4498527628768
  yaw: -355.46988
  pitch: 25.045296
lastlocation:
  world: world
  x: -572.1056601171836
  y: 86.0
  z: 1837.2846349986992
  yaw: -341.9195
  pitch: 23.719267
afk: false
homes:
  home:
    world: world
    x: -513.3251878005855
    y: 63.0
    z: 1925.1453157024373
    yaw: -178.00342
    pitch: 22.725079
money: '0'
