lastAccountName: Skyking_Caton
timestamps:
  login: 1471109017411
  logout: 1471112687517
  lastteleport: 1471107936666
ipAddress: 78.73.231.113
logoutlocation:
  world: world
  x: -268.9302090553736
  y: 80.0
  z: 167.7897502793432
  yaw: -140.39436
  pitch: 28.67173
lastlocation:
  world: world
  x: -256.0069819752214
  y: 75.0
  z: 160.02354566544847
  yaw: 79.16274
  pitch: 44.258198
afk: false
