lastAccountName: Skyking_Caton
timestamps:
  login: 1471636467274
  logout: 1471620004187
  lastteleport: 1471620000242
ipAddress: 78.73.231.113
logoutlocation:
  world: world
  x: -513.724534533957
  y: 63.0
  z: 1924.0490060395623
  yaw: -2.6281433
  pitch: 26.039707
lastlocation:
  world: world
  x: -140.66757296624263
  y: 64.0
  z: 9.510242300126597
  yaw: 175.10658
  pitch: 3.8196454
afk: false
homes:
  home:
    world: world
    x: -513.3251878005855
    y: 63.0
    z: 1925.1453157024373
    yaw: -178.00342
    pitch: 22.725079
