lastAccountName: Skyking_Caton
timestamps:
  login: 1471981646601
  logout: 1471982079483
  lastteleport: 1471800659650
ipAddress: 78.73.231.113
logoutlocation:
  world: world
  x: -512.7025370420902
  y: 63.0
  z: 1925.0506300796596
  yaw: -218.82416
  pitch: 23.210314
lastlocation:
  world: world
  x: -530.7077920641896
  y: 63.0
  z: 1939.3614273495266
  yaw: -87.578674
  pitch: -61.99151
afk: false
homes:
  home:
    world: world
    x: -513.3251878005855
    y: 63.0
    z: 1925.1453157024373
    yaw: -178.00342
    pitch: 22.725079
money: '0'
