lastAccountName: Skyking_Caton
timestamps:
  login: 1471636467274
  logout: 1471643710382
  lastteleport: 1471641217533
ipAddress: 78.73.231.113
logoutlocation:
  world: world
  x: -513.7864836741651
  y: 63.0
  z: 1922.5563375864272
  yaw: -1.1629333
  pitch: 33.6358
lastlocation:
  world: world
  x: -515.8231473934044
  y: 41.0
  z: 2009.6938495792285
  yaw: -144.91931
  pitch: 22.878876
afk: false
homes:
  home:
    world: world
    x: -513.3251878005855
    y: 63.0
    z: 1925.1453157024373
    yaw: -178.00342
    pitch: 22.725079
money: '0'
