lastAccountName: Skyking_Caton
timestamps:
  login: 1471547618107
  logout: 1471557667105
  lastteleport: 1471555265886
ipAddress: 78.73.231.113
logoutlocation:
  world: world
  x: -515.7566456310528
  y: 63.0
  z: 1924.4724284775864
  yaw: -270.86584
  pitch: 17.24408
lastlocation:
  world: world
  x: -51.826534492556306
  y: 68.0
  z: 230.98873680658457
  yaw: -347.9411
  pitch: 34.24676
afk: false
homes:
  home:
    world: world
    x: -513.3251878005855
    y: 63.0
    z: 1925.1453157024373
    yaw: -178.00342
    pitch: 22.725079
