lastAccountName: Skyking_Caton
timestamps:
  login: 1471470848202
  logout: 1471471180522
  lastteleport: 1471454901615
ipAddress: 78.73.231.113
logoutlocation:
  world: world
  x: -267.660972903654
  y: 80.0
  z: 168.50696419108453
  yaw: -273.61255
  pitch: 23.376144
lastlocation:
  world: world
  x: -513.3832459840274
  y: 63.0
  z: 1924.8742593564682
  yaw: -211.29248
  pitch: 24.204697
afk: false
homes:
  home:
    world: world
    x: -272.62152221250705
    y: 80.0
    z: 172.73192136709196
    yaw: -262.37305
    pitch: 28.347996
