lastAccountName: Skyking_Caton
timestamps:
  login: 1471720901881
  logout: 1471643710382
  lastteleport: 1471722511052
ipAddress: 78.73.231.113
logoutlocation:
  world: world
  x: -513.7864836741651
  y: 63.0
  z: 1922.5563375864272
  yaw: -1.1629333
  pitch: 33.6358
lastlocation:
  world: world
  x: -523.52403104255
  y: 88.0
  z: 1913.0286368128238
  yaw: -1.6743164
  pitch: 14.592358
afk: false
homes:
  home:
    world: world
    x: -513.3251878005855
    y: 63.0
    z: 1925.1453157024373
    yaw: -178.00342
    pitch: 22.725079
money: '0'
