lastAccountName: lreford
timestamps:
  login: 1471292262703
  logout: 1471293710545
  lastteleport: 1471292279670
ipAddress: 86.27.47.136
logoutlocation:
  world: world
  x: -2685.1422902622153
  y: 68.0
  z: -248.64744709067318
  yaw: 13.625153
  pitch: 10.649948
nickname: Cypher
homes:
  home:
    world: world
    x: 3.291747711732551
    y: 66.0
    z: 445.07510050520085
    yaw: 135.14954
    pitch: 35.399937
lastlocation:
  world: world
  x: -41.31942426338436
  y: 63.0
  z: 338.41357398215945
  yaw: -176.849
  pitch: 10.500012
