lastAccountName: lreford
timestamps:
  login: 1471517655318
  logout: 1471518278183
  lastteleport: 1471518267353
ipAddress: 86.27.47.136
logoutlocation:
  world: world
  x: 90076.5
  y: 48.0
  z: 92880.5
  yaw: -139.06024
  pitch: -85.349915
nickname: Cypher
homes:
  home:
    world: world
    x: 90019.5069637778
    y: 70.0
    z: 92989.55250129658
    yaw: 217.93379
    pitch: 34.19932
lastlocation:
  world: world
  x: 89988.17797266242
  y: 67.0
  z: 92996.93280511071
  yaw: -205.81308
  pitch: 18.299955
