lastAccountName: lreford
timestamps:
  login: 1470873940096
  logout: 1470874671928
  lastteleport: 1470874591549
ipAddress: 86.27.47.136
logoutlocation:
  world: world
  x: -39.5
  y: 68.0
  z: 256.5
  yaw: 0.0
  pitch: 0.0
nickname: Cypher
homes:
  home:
    world: world
    x: 3.291747711732551
    y: 66.0
    z: 445.07510050520085
    yaw: 135.14954
    pitch: 35.399937
lastlocation:
  world: world
  x: -6.57278535930328
  y: 64.0
  z: 437.69999998807907
  yaw: 188.09938
  pitch: 31.049946
