lastAccountName: lreford
timestamps:
  login: 1471384390810
  logout: 1471387302379
  lastteleport: 1471386685718
ipAddress: 86.27.47.136
logoutlocation:
  world: world
  x: 90036.55997830268
  y: 66.0
  z: 92985.80751231597
  yaw: 2.8329191
  pitch: 39.2999
nickname: Cypher
homes:
  home:
    world: world
    x: 90019.5069637778
    y: 70.0
    z: 92989.55250129658
    yaw: 217.93379
    pitch: 34.19932
lastlocation:
  world: world
  x: 90076.30000001192
  y: 48.0
  z: 92880.4385474538
  yaw: -351.76022
  pitch: 4.500081
