lastAccountName: chinto30
timestamps:
  login: 1472495614535
  lastteleport: 1472490220253
  logout: 1472498863060
ipAddress: 81.106.125.108
lastlocation:
  world: world
  x: -469.50713107705815
  y: 11.255315565515122
  z: 737.5434582127102
  yaw: 57.29446
  pitch: -1.9502935
logoutlocation:
  world: world
  x: -474.35857870159293
  y: 14.0
  z: 764.7624999880791
  yaw: 188.39319
  pitch: 18.749956
homes:
  home:
    world: world
    x: -472.17936378773504
    y: 13.0
    z: 750.925842680525
    yaw: -277.65344
    pitch: -1.0498735
afk: false
