lastAccountName: chinto30
timestamps:
  login: 1472419964827
  lastteleport: 1472423844847
  logout: 1472425840121
ipAddress: 81.106.125.108
lastlocation:
  world: world
  x: -39.36301261048517
  y: 68.0
  z: 256.4314347000022
  yaw: -183.34993
  pitch: 2.8499966
logoutlocation:
  world: world
  x: -471.9928270821256
  y: 14.0
  z: 748.8128565817657
  yaw: 27.143372
  pitch: 24.900045
homes:
  home:
    world: world
    x: -472.17936378773504
    y: 13.0
    z: 750.925842680525
    yaw: -277.65344
    pitch: -1.0498735
