lastAccountName: chinto30
timestamps:
  login: 1472392175526
  lastteleport: 1472399809066
  logout: 1472400018195
ipAddress: 81.106.125.108
lastlocation:
  world: world
  x: -6.471178764098299
  y: 68.0
  z: 235.5725623223554
  yaw: -251.33557
  pitch: -2.4000561
logoutlocation:
  world: world
  x: -474.01903658182215
  y: 14.0
  z: 752.0826393573075
  yaw: -278.25278
  pitch: 13.200112
homes:
  home:
    world: world
    x: -472.17936378773504
    y: 13.0
    z: 750.925842680525
    yaw: -277.65344
    pitch: -1.0498735
