lastAccountName: chinto30
timestamps:
  login: 1472587010161
  lastteleport: 1472591310998
  logout: 1472591429253
ipAddress: 81.106.125.108
lastlocation:
  world: world
  x: -29.785352006594326
  y: 67.5
  z: 256.3430104831667
  yaw: 69.400024
  pitch: 14.549996
logoutlocation:
  world: world
  x: -472.7402127542284
  y: 17.5
  z: 752.7697845491844
  yaw: -201.6059
  pitch: 57.900013
homes:
  home:
    world: world
    x: -472.17936378773504
    y: 13.0
    z: 750.925842680525
    yaw: -277.65344
    pitch: -1.0498735
afk: false
godmode: false
