lastAccountName: Felmorne
timestamps:
  login: 1470933603858
  logout: 1470934140481
ipAddress: 95.94.66.128
lastlocation:
  world: world
  x: -19.577411593072203
  y: 26.0
  z: 44.300000011920936
  yaw: -12.214844
  pitch: 1.6499791
logoutlocation:
  world: world
  x: 72.03706353288878
  y: 11.0
  z: -27.782629956297207
  yaw: -302.85303
  pitch: 1.3279915E-5
