lastAccountName: weme105
timestamps:
  login: 1471306457060
  logout: 1471308227547
  kits:
    tools: 1470785789495
  lastteleport: 1471307680063
ipAddress: 50.137.116.59
logoutlocation:
  world: world
  x: -43.05340455946854
  y: 60.0
  z: 543.319753865352
  yaw: 313.8576
  pitch: 21.793165
lastlocation:
  world: world
  x: -42.93953262053584
  y: 64.0
  z: 541.2228213074321
  yaw: 337.45148
  pitch: 39.603306
homes:
  home:
    world: world
    x: -35.491189649151295
    y: 63.0
    z: 545.5014246062277
    yaw: 7.494615
    pitch: 17.987663
afk: false
nickname: RnoDdesLilSlut
