lastAccountName: weme105
timestamps:
  login: 1470914057525
  logout: 1470915003934
  kits:
    tools: 1470785789495
  lastteleport: 1470914982057
ipAddress: 50.137.116.59
logoutlocation:
  world: world
  x: -49.5385062388696
  y: 56.0
  z: 536.5839855629799
  yaw: 1.0509133
  pitch: 22.807314
lastlocation:
  world: world
  x: -269.14002733420443
  y: 63.0
  z: 645.4854361006627
  yaw: 346.34302
  pitch: 7.122829
homes:
  home:
    world: world
    x: -35.491189649151295
    y: 63.0
    z: 545.5014246062277
    yaw: 7.494615
    pitch: 17.987663
afk: false
