lastAccountName: weme105
timestamps:
  login: 1471291572922
  logout: 1471290996262
  kits:
    tools: 1470785789495
  lastteleport: 1471291777729
ipAddress: 50.137.116.59
logoutlocation:
  world: world
  x: -43.02483776683754
  y: 60.0
  z: 542.6339967175322
  yaw: 177.80588
  pitch: 26.107704
lastlocation:
  world: world
  x: -36.98886438804901
  y: 64.0
  z: 567.3632470599678
  yaw: 199.60072
  pitch: 21.635939
homes:
  home:
    world: world
    x: -35.491189649151295
    y: 63.0
    z: 545.5014246062277
    yaw: 7.494615
    pitch: 17.987663
afk: false
nickname: Michael
