lastAccountName: weme105
timestamps:
  login: 1471479177516
  logout: 1471479879343
  kits:
    tools: 1470785789495
  lastteleport: 1471479519293
ipAddress: 50.137.116.59
logoutlocation:
  world: world
  x: -44.5457632946005
  y: 59.0
  z: 539.4392681142507
  yaw: 147.29272
  pitch: 38.13647
lastlocation:
  world: world
  x: -441.96917080238995
  y: 11.0
  z: 640.6999999880791
  yaw: 272.07562
  pitch: 31.870464
homes:
  home:
    world: world
    x: -35.491189649151295
    y: 63.0
    z: 545.5014246062277
    yaw: 7.494615
    pitch: 17.987663
afk: false
nickname: TheRealEllie
