lastAccountName: weme105
timestamps:
  login: 1471224935344
  logout: 1471224957666
  kits:
    tools: 1470785789495
  lastteleport: 1470914982057
ipAddress: 50.137.116.59
logoutlocation:
  world: world
  x: -44.433655208819204
  y: 60.0
  z: 541.6623521054768
  yaw: 245.22787
  pitch: 31.294062
lastlocation:
  world: world
  x: -269.14002733420443
  y: 63.0
  z: 645.4854361006627
  yaw: 346.34302
  pitch: 7.122829
homes:
  home:
    world: world
    x: -35.491189649151295
    y: 63.0
    z: 545.5014246062277
    yaw: 7.494615
    pitch: 17.987663
afk: false
