lastAccountName: weme105
timestamps:
  login: 1471400800842
  logout: 1471400896448
  kits:
    tools: 1470785789495
  lastteleport: 1471400526385
ipAddress: 50.137.116.59
logoutlocation:
  world: world
  x: -29.44386819725172
  y: 12.0
  z: 637.0389379661956
  yaw: 178.02264
  pitch: 9.186843
lastlocation:
  world: world
  x: -74.18289597307972
  y: 62.5
  z: 233.54969502267033
  yaw: -7.4826803
  pitch: 2.9512923
homes:
  home:
    world: world
    x: -35.491189649151295
    y: 63.0
    z: 545.5014246062277
    yaw: 7.494615
    pitch: 17.987663
afk: false
nickname: eggar48
