lastAccountName: weme105
timestamps:
  login: 1471550255417
  logout: 1471550714217
  kits:
    tools: 1470785789495
  lastteleport: 1471479519293
ipAddress: 50.137.116.59
logoutlocation:
  world: world
  x: -67.24346091692446
  y: 62.0
  z: 512.7841277699747
  yaw: 20.173706
  pitch: 59.45824
lastlocation:
  world: world
  x: -441.96917080238995
  y: 11.0
  z: 640.6999999880791
  yaw: 272.07562
  pitch: 31.870464
homes:
  home:
    world: world
    x: -35.491189649151295
    y: 63.0
    z: 545.5014246062277
    yaw: 7.494615
    pitch: 17.987663
afk: false
nickname: rhino
