lastAccountName: Beethos
timestamps:
  login: 1472246275142
  kits:
    tools: 1470858243991
  lastteleport: 1472248040658
  logout: 1472248070117
ipAddress: 109.148.222.51
lastlocation:
  world: world
  x: -39.76115443283748
  y: 68.0
  z: 259.8532276205475
  yaw: -6.755968
  pitch: 13.3328905
logoutlocation:
  world: world
  x: -2272.4449693010274
  y: 63.0
  z: 8929.346923942312
  yaw: -325.79572
  pitch: -9.640422
afk: false
homes:
  home:
    world: world
    x: -4747.666936956028
    y: 63.9375
    z: 10491.699999988079
    yaw: 295.03748
    pitch: 1.7169955
godmode: false
nickname: Joker
