lastAccountName: Beethos
timestamps:
  login: 1471118596282
  kits:
    tools: 1470858243991
  lastteleport: 1470952239168
  logout: 1471119512087
ipAddress: 86.174.6.141
lastlocation:
  world: world
  x: -4710.300000011921
  y: 44.0
  z: 10501.699999988079
  yaw: -269.79388
  pitch: -0.16419697
logoutlocation:
  world: world
  x: -4758.324139331646
  y: 63.0625
  z: 10475.769593549387
  yaw: -94.308
  pitch: 7.307065
afk: false
homes:
  home:
    world: world
    x: -4747.666936956028
    y: 63.9375
    z: 10491.699999988079
    yaw: 295.03748
    pitch: 1.7169955
