lastAccountName: Beethos
timestamps:
  login: 1471617332202
  kits:
    tools: 1470858243991
  lastteleport: 1471566910075
  logout: 1471618263322
ipAddress: 109.145.33.87
lastlocation:
  world: world
  x: -39.76115443283748
  y: 68.0
  z: 259.8532276205475
  yaw: -1.0774498
  pitch: 9.783814
logoutlocation:
  world: world
  x: -4718.000943456333
  y: 45.0
  z: 10492.780531604976
  yaw: -105.71234
  pitch: -3.5490868
afk: false
homes:
  home:
    world: world
    x: -4747.666936956028
    y: 63.9375
    z: 10491.699999988079
    yaw: 295.03748
    pitch: 1.7169955
nickname: Joker
