lastAccountName: Beethos
timestamps:
  login: 1472503040741
  kits:
    tools: 1470858243991
  lastteleport: 1472521178208
  logout: 1472524464452
  mute: 0
ipAddress: 109.148.222.51
lastlocation:
  world: world
  x: -39.39040779370568
  y: 68.0
  z: 253.8455810223616
  yaw: -181.33867
  pitch: 1.8612695
logoutlocation:
  world: world
  x: -4711.300000011921
  y: 47.0
  z: 10492.824705839183
  yaw: -80.5429
  pitch: 80.32874
afk: false
homes:
  home:
    world: world
    x: -4747.666936956028
    y: 63.9375
    z: 10491.699999988079
    yaw: 295.03748
    pitch: 1.7169955
godmode: false
nickname: Joker
muted: false
