lastAccountName: Beethos
timestamps:
  login: 1472084328091
  kits:
    tools: 1470858243991
  lastteleport: 1472082643392
  logout: 1472084682261
ipAddress: 86.174.1.253
lastlocation:
  world: world
  x: -36.527423617365486
  y: 68.0
  z: 259.8302562360874
  yaw: 119.50233
  pitch: 17.059425
logoutlocation:
  world: world
  x: -4711.300000011921
  y: 47.0
  z: 10492.645670190674
  yaw: 80.18867
  pitch: 4.4670253
afk: false
homes:
  home:
    world: world
    x: -4747.666936956028
    y: 63.9375
    z: 10491.699999988079
    yaw: 295.03748
    pitch: 1.7169955
nickname: Joker
godmode: false
