lastAccountName: Beethos
timestamps:
  login: 1471139623724
  kits:
    tools: 1470858243991
  lastteleport: 1470952239168
  logout: 1471140349561
ipAddress: 86.174.6.141
lastlocation:
  world: world
  x: -4710.300000011921
  y: 44.0
  z: 10501.699999988079
  yaw: -269.79388
  pitch: -0.16419697
logoutlocation:
  world: world
  x: -4750.323856866601
  y: 64.0
  z: 10488.799097282668
  yaw: 149.3361
  pitch: 4.1129065
afk: false
homes:
  home:
    world: world
    x: -4747.666936956028
    y: 63.9375
    z: 10491.699999988079
    yaw: 295.03748
    pitch: 1.7169955
