lastAccountName: Beethos
timestamps:
  login: 1472173228723
  kits:
    tools: 1470858243991
  lastteleport: 1472170794850
  logout: 1472175344810
ipAddress: 86.174.3.178
lastlocation:
  world: world
  x: -4684.236428069314
  y: 46.0
  z: 10504.300000011921
  yaw: -181.9935
  pitch: 49.007805
logoutlocation:
  world: world
  x: -4714.530450535794
  y: 45.0
  z: 10493.534932957567
  yaw: 82.385284
  pitch: 12.93442
afk: false
homes:
  home:
    world: world
    x: -4747.666936956028
    y: 63.9375
    z: 10491.699999988079
    yaw: 295.03748
    pitch: 1.7169955
nickname: Joker
godmode: false
