lastAccountName: Beethos
timestamps:
  login: 1471394210980
  kits:
    tools: 1470858243991
  lastteleport: 1470952239168
  logout: 1471394307799
ipAddress: 86.174.2.142
lastlocation:
  world: world
  x: -4710.300000011921
  y: 44.0
  z: 10501.699999988079
  yaw: -269.79388
  pitch: -0.16419697
logoutlocation:
  world: world
  x: -4752.914428807195
  y: 65.0
  z: 10496.871119891473
  yaw: 242.00874
  pitch: 2.7504504
afk: false
homes:
  home:
    world: world
    x: -4747.666936956028
    y: 63.9375
    z: 10491.699999988079
    yaw: 295.03748
    pitch: 1.7169955
