lastAccountName: Beethos
timestamps:
  login: 1471915674620
  kits:
    tools: 1470858243991
  lastteleport: 1471824987409
  logout: 1471917955607
ipAddress: 86.174.1.253
lastlocation:
  world: world
  x: -39.76115443283748
  y: 68.0
  z: 259.8532276205475
  yaw: -0.89999604
  pitch: 10.049995
logoutlocation:
  world: world
  x: -4741.460397799758
  y: 45.0
  z: 10493.808286951496
  yaw: -176.83049
  pitch: -35.57942
afk: false
homes:
  home:
    world: world
    x: -4747.666936956028
    y: 63.9375
    z: 10491.699999988079
    yaw: 295.03748
    pitch: 1.7169955
nickname: Joker
godmode: false
