lastAccountName: Beethos
timestamps:
  login: 1472334604269
  kits:
    tools: 1470858243991
  lastteleport: 1472330931008
  logout: 1472339353323
  mute: 0
ipAddress: 109.148.222.51
lastlocation:
  world: world
  x: -39.37794109039693
  y: 68.0
  z: 254.75714587920152
  yaw: -181.24994
  pitch: 1.9499964
logoutlocation:
  world: world
  x: -4721.300000011921
  y: 71.5
  z: 10450.046406865591
  yaw: -22.304474
  pitch: 16.80033
afk: false
homes:
  home:
    world: world
    x: -4747.666936956028
    y: 63.9375
    z: 10491.699999988079
    yaw: 295.03748
    pitch: 1.7169955
godmode: false
nickname: Joker
muted: false
