lastAccountName: Beethos
timestamps:
  login: 1472586078363
  kits:
    tools: 1470858243991
  lastteleport: 1472587626354
  logout: 1472600183127
  mute: 0
ipAddress: 109.148.222.51
lastlocation:
  world: world
  x: -4713.18442713811
  y: 45.0
  z: 10495.219606455881
  yaw: 94.5083
  pitch: 6.2690105
logoutlocation:
  world: world
  x: -4707.7318196969845
  y: 66.0
  z: 10492.308690759237
  yaw: 4.270691
  pitch: 6.900006
afk: false
homes:
  home:
    world: world
    x: -4747.666936956028
    y: 63.9375
    z: 10491.699999988079
    yaw: 295.03748
    pitch: 1.7169955
godmode: false
nickname: Joker
muted: false
