lastAccountName: Beethos
timestamps:
  login: 1472150376761
  kits:
    tools: 1470858243991
  lastteleport: 1472150633415
  logout: 1472152188896
ipAddress: 86.174.1.253
lastlocation:
  world: world
  x: -39.76115443283748
  y: 68.0
  z: 259.8532276205475
  yaw: -1.9647185
  pitch: 8.541636
logoutlocation:
  world: world
  x: -4706.882430587624
  y: 45.0
  z: 10486.34562541035
  yaw: -29.409119
  pitch: 10.146191
afk: false
homes:
  home:
    world: world
    x: -4747.666936956028
    y: 63.9375
    z: 10491.699999988079
    yaw: 295.03748
    pitch: 1.7169955
nickname: Joker
godmode: false
