lastAccountName: Beethos
timestamps:
  login: 1471569107659
  kits:
    tools: 1470858243991
  lastteleport: 1471566910075
  logout: 1471569327785
ipAddress: 86.174.2.142
lastlocation:
  world: world
  x: -39.76115443283748
  y: 68.0
  z: 259.8532276205475
  yaw: -1.0774498
  pitch: 9.783814
logoutlocation:
  world: world
  x: -4745.7030620815885
  y: 72.0
  z: 10488.185182804471
  yaw: -28.378723
  pitch: 23.601374
afk: false
homes:
  home:
    world: world
    x: -4747.666936956028
    y: 63.9375
    z: 10491.699999988079
    yaw: 295.03748
    pitch: 1.7169955
nickname: Joker
