lastAccountName: Beethos
timestamps:
  login: 1471822600133
  kits:
    tools: 1470858243991
  lastteleport: 1471824987409
  logout: 1471826214528
ipAddress: 109.148.144.86
lastlocation:
  world: world
  x: -39.76115443283748
  y: 68.0
  z: 259.8532276205475
  yaw: -0.89999604
  pitch: 10.049995
logoutlocation:
  world: world
  x: -4715.130653188257
  y: 45.0
  z: 10494.664484611067
  yaw: 171.23401
  pitch: 2.2761657
afk: false
homes:
  home:
    world: world
    x: -4747.666936956028
    y: 63.9375
    z: 10491.699999988079
    yaw: 295.03748
    pitch: 1.7169955
nickname: Joker
godmode: false
