lastAccountName: Beethos
timestamps:
  login: 1472422725764
  kits:
    tools: 1470858243991
  lastteleport: 1472422735634
  logout: 1472425414017
  mute: 0
ipAddress: 109.148.222.51
lastlocation:
  world: world
  x: -40.81178246305615
  y: 68.0
  z: 256.5274708844075
  yaw: -218.24942
  pitch: 20.671274
logoutlocation:
  world: world
  x: -4753.142923047232
  y: 63.0
  z: 10475.300000011921
  yaw: 124.52057
  pitch: 8.282739
afk: false
homes:
  home:
    world: world
    x: -4747.666936956028
    y: 63.9375
    z: 10491.699999988079
    yaw: 295.03748
    pitch: 1.7169955
godmode: false
nickname: Joker
muted: false
