lastAccountName: Beethos
timestamps:
  login: 1471987684900
  kits:
    tools: 1470858243991
  lastteleport: 1471824987409
  logout: 1471987689930
ipAddress: 86.174.1.253
lastlocation:
  world: world
  x: -39.76115443283748
  y: 68.0
  z: 259.8532276205475
  yaw: -0.89999604
  pitch: 10.049995
logoutlocation:
  world: world
  x: -4716.439791403956
  y: 45.0
  z: 10492.236327318618
  yaw: -127.01715
  pitch: 7.040068
afk: false
homes:
  home:
    world: world
    x: -4747.666936956028
    y: 63.9375
    z: 10491.699999988079
    yaw: 295.03748
    pitch: 1.7169955
nickname: Joker
godmode: false
