lastAccountName: Beethos
timestamps:
  login: 1471482010502
  kits:
    tools: 1470858243991
  lastteleport: 1471469290467
  logout: 1471484340681
ipAddress: 86.174.2.142
lastlocation:
  world: world
  x: -39.5
  y: 68.0
  z: 256.5
  yaw: -5.057461
  pitch: 0.97599494
logoutlocation:
  world: world
  x: -4716.263177029499
  y: 45.0
  z: 10493.164481213928
  yaw: 215.3592
  pitch: 2.8392694
afk: false
homes:
  home:
    world: world
    x: -4747.666936956028
    y: 63.9375
    z: 10491.699999988079
    yaw: 295.03748
    pitch: 1.7169955
nickname: Joker
