lastAccountName: Beethos
timestamps:
  login: 1472314696533
  kits:
    tools: 1470858243991
  lastteleport: 1472322144292
  logout: 1472326545624
  mute: 0
ipAddress: 109.148.222.51
lastlocation:
  world: world
  x: -39.76115443283748
  y: 68.0
  z: 259.8532276205475
  yaw: 0.34217995
  pitch: 9.695087
logoutlocation:
  world: world
  x: -4875.113638655714
  y: 62.07326432466506
  z: 10508.476282442201
  yaw: 325.11914
  pitch: 12.808258
afk: false
homes:
  home:
    world: world
    x: -4747.666936956028
    y: 63.9375
    z: 10491.699999988079
    yaw: 295.03748
    pitch: 1.7169955
godmode: false
nickname: Joker
muted: false
