lastAccountName: Beethos
timestamps:
  login: 1472237954070
  kits:
    tools: 1470858243991
  lastteleport: 1472240018239
  logout: 1472240427279
ipAddress: 86.174.3.178
lastlocation:
  world: world
  x: -4865.300000011921
  y: 10.0
  z: 8256.487587489764
  yaw: 46.258545
  pitch: 13.544266
logoutlocation:
  world: world
  x: -4720.696871391003
  y: 45.0
  z: 10494.953059357153
  yaw: -89.80083
  pitch: 26.826685
afk: false
homes:
  home:
    world: world
    x: -4747.666936956028
    y: 63.9375
    z: 10491.699999988079
    yaw: 295.03748
    pitch: 1.7169955
godmode: false
nickname: Joker
