lastAccountName: Spinalcord10
timestamps:
  login: 1471548902084
  logout: 1471549142628
ipAddress: 76.19.57.97
logoutlocation:
  world: world
  x: -147.216480419114
  y: 88.93883597911214
  z: -28.14830894095054
  yaw: -106.188965
  pitch: 5.3125367
