lastAccountName: Z03G0D1N
timestamps:
  login: 1472416368487
  logout: 1472416582505
ipAddress: 174.94.90.48
logoutlocation:
  world: world
  x: -531.1307576758815
  y: 85.0
  z: 1009.7474234323721
  yaw: -228.44995
  pitch: 10.950034
