lastAccountName: RhinoDude980
timestamps:
  login: 1471256521450
  logout: 1471220174454
  lastteleport: 1471265162031
ipAddress: 5.29.177.100
lastlocation:
  world: world
  x: -71.21152266976212
  y: 65.0
  z: 253.48565343282164
  yaw: 341.62112
  pitch: 13.799941
logoutlocation:
  world: world
  x: -125.74455880706361
  y: 75.0
  z: -34.51976300289366
  yaw: 16.721283
  pitch: 28.049973
homes:
  home:
    world: world
    x: -180.89411281570244
    y: 65.0
    z: -21.61954641443901
    yaw: 214.72119
    pitch: 8.699987
afk: false
