lastAccountName: RhinoDude980
timestamps:
  login: 1471349568707
  logout: 1471357427366
  lastteleport: 1471357105026
ipAddress: 5.29.177.100
lastlocation:
  world: world
  x: -36.73091914219956
  y: 73.0
  z: 253.99336277140637
  yaw: -226.97209
  pitch: 16.049826
logoutlocation:
  world: world
  x: -183.06565145038266
  y: 70.0
  z: -24.84569595700913
  yaw: -27.678867
  pitch: 32.249958
homes:
  home:
    world: world
    x: -180.89411281570244
    y: 65.0
    z: -21.61954641443901
    yaw: 214.72119
    pitch: 8.699987
afk: false
