lastAccountName: RhinoDude980
timestamps:
  login: 1471256521450
  logout: 1471220174454
  lastteleport: 1471268479701
ipAddress: 5.29.177.100
lastlocation:
  world: world
  x: -39.52614500995548
  y: 73.0
  z: 260.1414220428767
  yaw: -346.1272
  pitch: 20.550173
logoutlocation:
  world: world
  x: -125.74455880706361
  y: 75.0
  z: -34.51976300289366
  yaw: 16.721283
  pitch: 28.049973
homes:
  home:
    world: world
    x: -180.89411281570244
    y: 65.0
    z: -21.61954641443901
    yaw: 214.72119
    pitch: 8.699987
afk: false
