lastAccountName: RhinoDude980
timestamps:
  login: 1471282499402
  logout: 1471282948434
  lastteleport: 1471280333244
ipAddress: 5.29.177.100
lastlocation:
  world: world
  x: -58.5502832828985
  y: 71.0
  z: 13.472234085446582
  yaw: 7.271454
  pitch: 29.249998
logoutlocation:
  world: world
  x: -177.75285048739195
  y: 65.0
  z: -21.581899149662114
  yaw: 257.91217
  pitch: 28.461138
homes:
  home:
    world: world
    x: -180.89411281570244
    y: 65.0
    z: -21.61954641443901
    yaw: 214.72119
    pitch: 8.699987
afk: false
