lastAccountName: RhinoDude980
timestamps:
  login: 1471217110512
  logout: 1471220174454
  lastteleport: 1471219392492
ipAddress: 5.29.177.100
lastlocation:
  world: world
  x: -40.830946939632206
  y: 73.0
  z: 251.84415752970438
  yaw: 183.17982
  pitch: 6.4499836
logoutlocation:
  world: world
  x: -125.74455880706361
  y: 75.0
  z: -34.51976300289366
  yaw: 16.721283
  pitch: 28.049973
homes:
  home:
    world: world
    x: -180.89411281570244
    y: 65.0
    z: -21.61954641443901
    yaw: 214.72119
    pitch: 8.699987
afk: false
