lastAccountName: RhinoDude980
timestamps:
  login: 1471298817188
  logout: 1471299071982
  lastteleport: 1471297000437
ipAddress: 5.29.177.100
lastlocation:
  world: world
  x: -38.84783050048802
  y: 66.0
  z: 212.3000000119209
  yaw: 340.56226
  pitch: -5.438905
logoutlocation:
  world: world
  x: -182.04954105614758
  y: 70.0
  z: -21.23306141253828
  yaw: 242.12805
  pitch: 18.750023
homes:
  home:
    world: world
    x: -180.89411281570244
    y: 65.0
    z: -21.61954641443901
    yaw: 214.72119
    pitch: 8.699987
afk: false
