lastAccountName: N471N
timestamps:
  login: 1472331100333
  logout: 1472331447674
ipAddress: 73.176.47.202
logoutlocation:
  world: world
  x: -181.69999998807907
  y: 10.0
  z: 170.04499153475433
  yaw: 92.55023
  pitch: 22.350004
