lastAccountName: KevinDaBaws
timestamps:
  login: 1471715142905
  lastteleport: 1471592379852
  logout: 1471715241690
  kits:
    tools: 1471422462899
ipAddress: 92.0.179.202
lastlocation:
  world: world
  x: -1040.1470087466023
  y: 9.0
  z: 95.30000001192093
  yaw: -86.69293
  pitch: 7.199991
logoutlocation:
  world: world
  x: -1038.3373606116238
  y: 11.875
  z: 137.4644375925088
  yaw: -262.48682
  pitch: 41.54996
homes:
  home:
    world: world
    x: -1045.4521149053453
    y: 11.0
    z: 135.90412409937687
    yaw: 271.6629
    pitch: 10.200033
afk: false
