lastAccountName: KevinDaBaws
timestamps:
  login: 1471942382337
  lastteleport: 1471942143499
  logout: 1471942514318
  kits:
    tools: 1471422462899
ipAddress: 92.0.179.202
lastlocation:
  world: world
  x: -1041.2898866603496
  y: 11.0
  z: 136.50155960896518
  yaw: -208.33717
  pitch: 26.700052
logoutlocation:
  world: world
  x: -171.8398286484371
  y: 64.0
  z: -28.23118713873944
  yaw: -215.23196
  pitch: 20.250002
homes:
  home:
    world: world
    x: -1041.6980206286032
    y: 11.0
    z: 136.21371810415857
    yaw: -88.03717
    pitch: 22.350044
afk: false
