lastAccountName: KevinDaBaws
timestamps:
  login: 1471197135657
  lastteleport: 1471197709412
  logout: 1471197815185
ipAddress: 92.0.179.202
lastlocation:
  world: world
  x: -56.755888414064295
  y: 68.0
  z: 272.2644588566489
  yaw: -217.97827
  pitch: -2.0999675
logoutlocation:
  world: world
  x: -158.6509960524764
  y: 64.0
  z: -16.572620995773534
  yaw: 220.56503
  pitch: -2.3999805
