lastAccountName: KevinDaBaws
timestamps:
  login: 1471421366835
  lastteleport: 1471422119387
  logout: 1471422600352
  kits:
    tools: 1471422462899
ipAddress: 92.0.179.202
lastlocation:
  world: world
  x: -39.5
  y: 68.0
  z: 256.5
  yaw: 0.0
  pitch: 0.0
logoutlocation:
  world: world
  x: -1048.6609422393958
  y: 6.0
  z: 82.30000001192093
  yaw: -174.1429
  pitch: 13.349994
homes:
  home:
    world: world
    x: -1048.699999988079
    y: 13.875
    z: 127.46385662879112
    yaw: 111.7634
    pitch: 13.349988
afk: false
