lastAccountName: KevinDaBaws
timestamps:
  login: 1472061307354
  lastteleport: 1472061314956
  logout: 1472061351972
  kits:
    tools: 1471422462899
ipAddress: 92.0.179.202
lastlocation:
  world: world
  x: -171.8398286484371
  y: 64.0
  z: -28.23118713873944
  yaw: -215.23196
  pitch: 20.250002
logoutlocation:
  world: world
  x: -39.5
  y: 68.0
  z: 259.5
  yaw: -0.89999604
  pitch: 10.049995
homes:
  home:
    world: world
    x: -1041.6980206286032
    y: 11.0
    z: 136.21371810415857
    yaw: -88.03717
    pitch: 22.350044
afk: false
