lastAccountName: KevinDaBaws
timestamps:
  login: 1471721845332
  lastteleport: 1471721039340
  logout: 1471722088453
  kits:
    tools: 1471422462899
ipAddress: 92.0.179.202
lastlocation:
  world: world
  x: -37.65967010857192
  y: 68.0
  z: 256.95856763305426
  yaw: -52.500046
  pitch: 67.350006
logoutlocation:
  world: world
  x: -1039.893137203353
  y: 12.0
  z: 136.7286826627509
  yaw: -113.38599
  pitch: 46.20004
homes:
  home:
    world: world
    x: -1045.4521149053453
    y: 11.0
    z: 135.90412409937687
    yaw: 271.6629
    pitch: 10.200033
afk: false
