lastAccountName: KevinDaBaws
timestamps:
  login: 1471348374572
  lastteleport: 1471344821165
  logout: 1471348503825
  kits:
    tools: 1471344839780
ipAddress: 92.0.179.202
lastlocation:
  world: world
  x: -39.5
  y: 68.0
  z: 256.5
  yaw: 0.0
  pitch: 0.0
logoutlocation:
  world: world
  x: -1047.300000011921
  y: 14.0
  z: 128.69999998807907
  yaw: 155.7077
  pitch: 33.59986
homes:
  home:
    world: world
    x: -1048.699999988079
    y: 13.875
    z: 127.46385662879112
    yaw: 111.7634
    pitch: 13.349988
afk: false
