lastAccountName: KevinDaBaws
timestamps:
  login: 1471592321186
  lastteleport: 1471592379852
  logout: 1471592407093
  kits:
    tools: 1471422462899
ipAddress: 92.0.179.202
lastlocation:
  world: world
  x: -1040.1470087466023
  y: 9.0
  z: 95.30000001192093
  yaw: -86.69293
  pitch: 7.199991
logoutlocation:
  world: world
  x: -1045.4521149053453
  y: 11.0
  z: 135.90412409937687
  yaw: 271.6629
  pitch: 10.200033
homes:
  home:
    world: world
    x: -1045.4521149053453
    y: 11.0
    z: 135.90412409937687
    yaw: 271.6629
    pitch: 10.200033
afk: false
