lastAccountName: KevinDaBaws
timestamps:
  login: 1471244095568
  lastteleport: 1471244059874
  logout: 1471244213058
ipAddress: 92.0.179.202
lastlocation:
  world: world
  x: -39.5
  y: 68.0
  z: 256.5
  yaw: 0.0
  pitch: 0.0
logoutlocation:
  world: world
  x: -201.74917271666686
  y: 64.0
  z: -5.551082779500492
  yaw: 264.51495
  pitch: 76.20001
