lastAccountName: KevinDaBaws
timestamps:
  login: 1472282224793
  lastteleport: 1472282233036
  logout: 1472282263433
  kits:
    tools: 1471422462899
ipAddress: 92.0.179.202
lastlocation:
  world: world
  x: -39.5
  y: 68.0
  z: 259.5
  yaw: -0.89999604
  pitch: 10.049995
logoutlocation:
  world: world
  x: -39.5
  y: 68.0
  z: 259.5
  yaw: -0.89999604
  pitch: 10.049995
homes:
  home:
    world: world
    x: -1041.6980206286032
    y: 11.0
    z: 136.21371810415857
    yaw: -88.03717
    pitch: 22.350044
afk: false
