lastAccountName: KevinDaBaws
timestamps:
  login: 1471344492859
  lastteleport: 1471344821165
  logout: 1471344448922
  kits:
    tools: 1471344839780
ipAddress: 92.0.179.202
lastlocation:
  world: world
  x: -39.5
  y: 68.0
  z: 256.5
  yaw: 0.0
  pitch: 0.0
logoutlocation:
  world: world
  x: -1056.699999988079
  y: 11.0
  z: 141.69999998807907
  yaw: -176.39142
  pitch: 3.300023
homes:
  home:
    world: world
    x: -1048.699999988079
    y: 13.875
    z: 127.46385662879112
    yaw: 111.7634
    pitch: 13.349988
