lastAccountName: IMajorInMemes
timestamps:
  login: 1470776650400
  logout: 1470776797926
ipAddress: 174.88.124.182
lastlocation:
  world: world
  x: 39.8594969774661
  y: 104.0
  z: 203.1901368774671
  yaw: 235.41301
  pitch: 5.6154776
logoutlocation:
  world: world
  x: 33.71933975633665
  y: 67.0
  z: 291.2167094691716
  yaw: 48.41777
  pitch: 31.758673
