lastAccountName: Mega_Stue192
timestamps:
  login: 1471721134032
  logout: 1471721745382
ipAddress: 79.68.166.92
afk: false
logoutlocation:
  world: world
  x: -39.18160123894083
  y: 74.0
  z: 255.4784133964096
  yaw: -6.7499967
  pitch: 88.8
