lastAccountName: Pingas
timestamps:
  login: 1471746565831
  logout: 1471748484665
ipAddress: 50.188.50.129
afk: false
logoutlocation:
  world: world
  x: -27.1847261903881
  y: 67.5
  z: 270.6963639904333
  yaw: -241.80046
  pitch: 18.399855
lastlocation:
  world: world
  x: -24.530762382087488
  y: 67.5
  z: 236.58920991486738
  yaw: -134.76114
  pitch: 11.794983
