lastAccountName: Pingas
timestamps:
  login: 1471646363508
  logout: 1471650343474
ipAddress: 50.188.50.129
afk: false
logoutlocation:
  world: world
  x: -33.97198064673482
  y: 68.0
  z: 230.93048387020826
  yaw: 47.141895
  pitch: 4.654988
lastlocation:
  world: world
  x: 60.31419236487765
  y: 80.0
  z: 153.20901797343987
  yaw: 214.96114
  pitch: 60.046185
