lastAccountName: Pingas
timestamps:
  login: 1471816740480
  logout: 1471816807644
ipAddress: 50.188.50.129
afk: false
logoutlocation:
  world: world
  x: -55.00293515336727
  y: 67.5
  z: 239.387964357116
  yaw: -137.83684
  pitch: 28.876287
lastlocation:
  world: world
  x: -24.530762382087488
  y: 67.5
  z: 236.58920991486738
  yaw: -134.76114
  pitch: 11.794983
