lastAccountName: stevenmm10
timestamps:
  login: 1471218593640
  logout: 1471220215258
ipAddress: 50.140.154.251
logoutlocation:
  world: world
  x: -191.3047460567845
  y: 71.00133597911214
  z: -1653.4990256524627
  yaw: 197.25041
  pitch: 7.2003675
afk: false
