lastAccountName: SalmirAeon
timestamps:
  login: 1471370412663
  logout: 1471371916669
ipAddress: 86.188.92.48
lastlocation:
  world: world
  x: 59.35048004918505
  y: 16.0
  z: 164.25079485543995
  yaw: -94.798706
  pitch: -0.150357
logoutlocation:
  world: world
  x: 73.30000001192089
  y: 61.0
  z: 232.47700976465012
  yaw: 264.75302
  pitch: 33.59991
