lastAccountName: Cynthia_Da_Panda
timestamps:
  login: 1472246683113
  lastteleport: 1472250986603
  logout: 1472253792975
ipAddress: 5.71.241.38
lastlocation:
  world: world
  x: -1915.2491143908985
  y: 86.0
  z: 9477.502943914122
  yaw: 66.003235
  pitch: 9.662289
homes:
  home:
    world: world
    x: -2299.0563918051475
    y: 86.0
    z: 8989.25838982562
    yaw: 123.728516
    pitch: -25.2474
logoutlocation:
  world: world
  x: -2301.0012272369268
  y: 86.0
  z: 8988.486261976172
  yaw: 278.5464
  pitch: 9.047046
