lastAccountName: Cynthia_Da_Panda
timestamps:
  login: 1472332702094
  lastteleport: 1472334852512
  logout: 1472335161257
ipAddress: 5.71.241.38
lastlocation:
  world: world
  x: -2292.6119229915134
  y: 84.5
  z: 8983.17103692012
  yaw: -281.46375
  pitch: 18.615664
homes:
  home:
    world: world
    x: -2284.6948485232265
    y: 78.0
    z: 8981.985139076916
    yaw: 30.838867
    pitch: -48.087162
logoutlocation:
  world: world
  x: -4746.974200826009
  y: 63.0
  z: 10460.983562850388
  yaw: 358.13135
  pitch: 18.360186
afk: false
nickname: Asian
