lastAccountName: Cynthia_Da_Panda
timestamps:
  login: 1472222852806
  lastteleport: 1472223441017
  logout: 1472230684811
ipAddress: 5.71.241.38
lastlocation:
  world: world
  x: -39.76115443283748
  y: 68.0
  z: 259.8532276205475
  yaw: 38.472775
  pitch: 13.536123
homes:
  home:
    world: world
    x: -2299.0563918051475
    y: 86.0
    z: 8989.25838982562
    yaw: 123.728516
    pitch: -25.2474
logoutlocation:
  world: world
  x: -2299.2671468261447
  y: 86.0
  z: 8988.1478938611
  yaw: 329.44666
  pitch: 32.62977
