lastAccountName: Cynthia_Da_Panda
timestamps:
  login: 1472423858532
  lastteleport: 1472424205076
  logout: 1472424825806
ipAddress: 5.71.241.38
lastlocation:
  world: world
  x: -114.96331324061926
  y: 62.0
  z: 80.47805316377384
  yaw: 343.58945
  pitch: -4.0890765
homes:
  home:
    world: world
    x: -2300.03289488855
    y: 86.0
    z: 8987.926835278484
    yaw: 63.55128
    pitch: 10.693073
logoutlocation:
  world: world
  x: -2321.501284849217
  y: 87.0
  z: 8979.3385786568
  yaw: 127.72029
  pitch: 3.0262845
afk: false
nickname: Asian
