lastAccountName: Cynthia_Da_Panda
timestamps:
  login: 1472517779365
  lastteleport: 1472521532401
  logout: 1472521540417
ipAddress: 5.71.241.38
lastlocation:
  world: world
  x: -63.09612896934645
  y: 76.0
  z: 272.82082931661967
  yaw: -47.519226
  pitch: -1.3723422
homes:
  home:
    world: world
    x: -2300.03289488855
    y: 86.0
    z: 8987.926835278484
    yaw: 63.55128
    pitch: 10.693073
logoutlocation:
  world: world
  x: -2300.5
  y: 86.0
  z: 8987.5
  yaw: -92.08868
  pitch: 16.5711
afk: false
nickname: Asian
