lastAccountName: Cynthia_Da_Panda
timestamps:
  login: 1472258739102
  lastteleport: 1472250986603
  logout: 1472258799304
ipAddress: 5.71.241.38
lastlocation:
  world: world
  x: -1915.2491143908985
  y: 86.0
  z: 9477.502943914122
  yaw: 66.003235
  pitch: 9.662289
homes:
  home:
    world: world
    x: -2299.0563918051475
    y: 86.0
    z: 8989.25838982562
    yaw: 123.728516
    pitch: -25.2474
logoutlocation:
  world: world
  x: -2295.844126755588
  y: 86.0
  z: 8985.413526245991
  yaw: 61.876343
  pitch: 10.277451
