lastAccountName: Cynthia_Da_Panda
timestamps:
  login: 1472328184023
  lastteleport: 1472328738782
  logout: 1472327748932
ipAddress: 5.71.241.38
lastlocation:
  world: world
  x: -4723.36930802386
  y: 66.0
  z: 10486.500143716436
  yaw: 168.65967
  pitch: 10.774425
homes:
  home:
    world: world
    x: -2299.0563918051475
    y: 86.0
    z: 8989.25838982562
    yaw: 123.728516
    pitch: -25.2474
logoutlocation:
  world: world
  x: -2300.3909538196067
  y: 86.0
  z: 8989.052940777712
  yaw: 253.04507
  pitch: -14.769146
afk: false
nickname: Asian
