lastAccountName: Cynthia_Da_Panda
timestamps:
  login: 1472264382856
  lastteleport: 1472250986603
  logout: 1472264682479
ipAddress: 5.71.241.38
lastlocation:
  world: world
  x: -1915.2491143908985
  y: 86.0
  z: 9477.502943914122
  yaw: 66.003235
  pitch: 9.662289
homes:
  home:
    world: world
    x: -2299.0563918051475
    y: 86.0
    z: 8989.25838982562
    yaw: 123.728516
    pitch: -25.2474
logoutlocation:
  world: world
  x: -2296.825583782224
  y: 86.0
  z: 8971.77630263799
  yaw: 100.417114
  pitch: 29.553696
