lastAccountName: Cynthia_Da_Panda
timestamps:
  login: 1472585761044
  lastteleport: 1472593574827
  logout: 1472593662434
ipAddress: 5.71.241.38
lastlocation:
  world: world
  x: -2243.2987137310147
  y: 64.0
  z: 8901.1230862572
  yaw: 147.58887
  pitch: 14.352461
homes:
  home:
    world: world
    x: -2300.03289488855
    y: 86.0
    z: 8987.926835278484
    yaw: 63.55128
    pitch: 10.693073
logoutlocation:
  world: world
  x: -2293.282095942632
  y: 84.5
  z: 8984.1842178238
  yaw: 218.68027
  pitch: 17.848969
afk: false
nickname: Asian
godmode: false
