lastAccountName: eddomarshall
timestamps:
  login: 1471349003621
  logout: 1471349122659
ipAddress: 86.170.252.211
lastlocation:
  world: world
  x: -53.69999998807907
  y: 69.24448125217394
  z: 220.80178266579426
  yaw: 88.94997
  pitch: 16.050024
logoutlocation:
  world: world
  x: -173.07901886453106
  y: 64.32426426506044
  z: 48.68750000000001
  yaw: 24.73816
  pitch: 18.150032
