lastAccountName: eddomarshall
timestamps:
  login: 1471199388454
  logout: 1471199528826
ipAddress: 86.170.253.75
lastlocation:
  world: world
  x: -53.69999998807907
  y: 69.24448125217394
  z: 220.80178266579426
  yaw: 88.94997
  pitch: 16.050024
logoutlocation:
  world: world
  x: -87.70245087510148
  y: 62.073264324665075
  z: 119.56824715449189
  yaw: -241.93188
  pitch: 18.150032
