lastAccountName: Mcn0tt3
timestamps:
  login: 1471792650804
  logout: 1471792747690
ipAddress: 178.119.95.186
logoutlocation:
  world: world
  x: -53.79902112745454
  y: 77.94015572920267
  z: 137.37729121134137
  yaw: 164.55093
  pitch: 25.799898
