lastAccountName: antibaff47
timestamps:
  login: 1472003754913
  lastteleport: 1472004713202
  logout: 1472005291906
ipAddress: 51.6.244.213
lastlocation:
  world: world
  x: -3975.4611306030183
  y: 11.0
  z: 2690.3208000493387
  yaw: -139.51306
  pitch: 14.528737
afk: false
godmode: false
logoutlocation:
  world: world
  x: -4077.4788366212942
  y: 65.0
  z: 2569.0240808327926
  yaw: -190.16856
  pitch: 6.4038496
homes:
  home:
    world: world
    x: -4071.6928213259316
    y: 65.0
    z: 2565.293540130456
    yaw: -263.45828
    pitch: 5.1879573
nickname: Baff
