lastAccountName: antibaff47
timestamps:
  login: 1471904394435
  lastteleport: 1471912461956
  logout: 1471913243188
ipAddress: 51.6.244.213
lastlocation:
  world: world
  x: -3887.0217409360653
  y: 71.0
  z: 3205.629807948127
  yaw: -255.15771
  pitch: 20.015444
afk: false
godmode: false
logoutlocation:
  world: world
  x: -4071.6928213259316
  y: 65.0
  z: 2565.293540130456
  yaw: -263.45828
  pitch: 5.1879573
homes:
  home:
    world: world
    x: -4071.6928213259316
    y: 65.0
    z: 2565.293540130456
    yaw: -263.45828
    pitch: 5.1879573
nickname: Baff
