lastAccountName: antibaff47
timestamps:
  login: 1472081312482
  lastteleport: 1472084098168
  logout: 1472084172370
ipAddress: 51.6.244.213
lastlocation:
  world: world
  x: -4079.1971375605463
  y: 76.0
  z: 2791.942431810755
  yaw: -10.109253
  pitch: 13.6391115
afk: false
godmode: false
logoutlocation:
  world: world
  x: -4074.4611865722036
  y: 65.0
  z: 2569.572017443552
  yaw: 8.388679
  pitch: 1.7887781
homes:
  home:
    world: world
    x: -4071.6928213259316
    y: 65.0
    z: 2565.293540130456
    yaw: -263.45828
    pitch: 5.1879573
nickname: Baff
