lastAccountName: antibaff47
timestamps:
  login: 1471799668607
  lastteleport: 1471803023763
  logout: 1471804301418
ipAddress: 51.6.244.213
lastlocation:
  world: world
  x: -38.88383135246859
  y: 68.0
  z: 257.67259908593076
  yaw: 178.34097
  pitch: 23.314812
afk: false
godmode: false
logoutlocation:
  world: world
  x: -3677.1613294108515
  y: 62.073264324665075
  z: 1779.4959214859211
  yaw: 64.41567
  pitch: 9.886036
homes:
  home:
    world: world
    x: -231.70614655982283
    y: 66.0
    z: -571.6668349271348
    yaw: 159.48132
    pitch: 19.821693
