lastAccountName: Chico121212
timestamps:
  login: 1471265309399
  logout: 1471264864394
  lastteleport: 1471265445102
ipAddress: 179.218.69.229
lastlocation:
  world: world_nether
  x: -2.291314189606033
  y: 68.0
  z: 31.300000011920925
  yaw: 0.6296249
  pitch: 44.84997
logoutlocation:
  world: world
  x: -140.5
  y: 70.0
  z: -60.5
  yaw: 203.57918
  pitch: 10.650007
homes:
  home:
    world: world
    x: -140.5735446088499
    y: 70.0
    z: -60.244441235131305
    yaw: 203.57918
    pitch: 10.650007
afk: false
