lastAccountName: Chico121212
timestamps:
  login: 1471519096249
  logout: 1471519155732
  lastteleport: 1471519112531
  jail: 0
ipAddress: 179.218.69.229
lastlocation:
  world: world
  x: -112.5
  y: 74.0
  z: 119.5
  yaw: -135.87143
  pitch: 73.050064
logoutlocation:
  world: world
  x: -153.4605603855759
  y: 63.9375
  z: -27.550380230255037
  yaw: 79.37919
  pitch: 33.150017
homes:
  home:
    world: world
    x: -140.5735446088499
    y: 70.0
    z: -60.244441235131305
    yaw: 203.57918
    pitch: 10.650007
afk: false
mail:
- §6[§rServer§6] §rleave the griefed house untouched and I'll inspect tonight
jailed: false
