lastAccountName: Chico121212
timestamps:
  login: 1471224622685
  logout: 1471224869692
  lastteleport: 1471222401577
ipAddress: 179.218.69.229
lastlocation:
  world: world
  x: 32.715252743518434
  y: 74.0
  z: -112.54085272320147
  yaw: -358.77106
  pitch: -17.850021
logoutlocation:
  world: world
  x: -144.5
  y: 70.0
  z: -59.5
  yaw: 173.61548
  pitch: 76.34992
homes:
  home:
    world: world
    x: -140.5735446088499
    y: 70.0
    z: -60.244441235131305
    yaw: 203.57918
    pitch: 10.650007
