lastAccountName: Chico121212
timestamps:
  login: 1471271754785
  logout: 1471272728358
  lastteleport: 1471272536731
ipAddress: 179.218.69.229
lastlocation:
  world: world
  x: 83.97953591550402
  y: 68.0
  z: -19.298754938451467
  yaw: -292.39624
  pitch: 26.850008
logoutlocation:
  world: world
  x: -184.89402243988786
  y: 70.0
  z: -26.836626026593553
  yaw: 112.22943
  pitch: 37.95001
homes:
  home:
    world: world
    x: -140.5735446088499
    y: 70.0
    z: -60.244441235131305
    yaw: 203.57918
    pitch: 10.650007
afk: false
