lastAccountName: Chico121212
timestamps:
  login: 1471090357544
  logout: 1471090584629
ipAddress: 179.218.69.229
lastlocation:
  world: world
  x: 273.01766475064824
  y: 52.0
  z: -138.8444483816288
  yaw: 259.00787
  pitch: -12.00001
logoutlocation:
  world: world
  x: -76.16577100508457
  y: 80.0083954262068
  z: -52.524574685562285
  yaw: 67.87635
  pitch: 58.499996
