lastAccountName: Chico121212
timestamps:
  login: 1471265309399
  logout: 1471264864394
  lastteleport: 1471268119027
ipAddress: 179.218.69.229
lastlocation:
  world: world
  x: -42.94911237396038
  y: 68.0
  z: 264.8175730239226
  yaw: -229.02025
  pitch: 32.85001
logoutlocation:
  world: world
  x: -140.5
  y: 70.0
  z: -60.5
  yaw: 203.57918
  pitch: 10.650007
homes:
  home:
    world: world
    x: -140.5735446088499
    y: 70.0
    z: -60.244441235131305
    yaw: 203.57918
    pitch: 10.650007
afk: false
