lastAccountName: yozodude
timestamps:
  login: 1470515764331
  lastteleport: 1470518043365
  logout: 1470518711702
ipAddress: 86.44.175.99
lastlocation:
  world: world
  x: -39.287015257660464
  y: 68.0
  z: 265.5980680750118
  yaw: -5.549998
  pitch: 18.59999
logoutlocation:
  world: world
  x: 70.69999998807907
  y: 74.0
  z: -39.547105747571266
  yaw: -110.23416
  pitch: -12.750144
