lastAccountName: Maxillian
timestamps:
  login: 1471271706135
  logout: 1471271847440
  lastteleport: 1471027611954
ipAddress: 100.35.204.34
lastlocation:
  world: world
  x: 259.04737029071595
  y: 71.0
  z: 173.07333634698745
  yaw: -68.7417
  pitch: 11.760896
logoutlocation:
  world: world
  x: -13.268348934683017
  y: 84.0
  z: 820.0085537029407
  yaw: -87.51343
  pitch: 32.550648
nickname: YourMother
homes:
  home:
    world: world
    x: -12.52487995251894
    y: 84.0
    z: 819.5508682577639
    yaw: -268.51672
    pitch: 13.200282
