lastAccountName: Ahri_Le_Fox
timestamps:
  login: 1471398831554
  logout: 1471400891375
  lastteleport: 1471400840116
ipAddress: 108.90.227.154
logoutlocation:
  world: world
  x: -45.17110060382585
  y: 59.0
  z: 540.6629900254976
  yaw: 354.44742
  pitch: 11.814815
lastlocation:
  world: world
  x: -139.85970930393472
  y: 71.0
  z: -51.25955489181298
  yaw: 62.096924
  pitch: 29.133076
homes:
  home:
    world: world
    x: -43.99314391992297
    y: 60.0
    z: 543.2331407238376
    yaw: -60.188923
    pitch: 2.8299246
nickname: Ahri
