lastAccountName: Ahri_Le_Fox
timestamps:
  login: 1471301222567
  logout: 1471301476219
  lastteleport: 1471300252709
ipAddress: 108.90.227.154
logoutlocation:
  world: world
  x: -43.20000123655452
  y: 63.0
  z: 550.1173766068667
  yaw: -251.10983
  pitch: 30.349329
lastlocation:
  world: world
  x: -39.5
  y: 68.02159847259522
  z: 256.5
  yaw: 0.0
  pitch: 0.0
homes:
  home:
    world: world
    x: -43.99314391992297
    y: 60.0
    z: 543.2331407238376
    yaw: -60.188923
    pitch: 2.8299246
nickname: unusual_meme
