lastAccountName: Ahri_Le_Fox
timestamps:
  login: 1471632061943
  logout: 1471632121155
  lastteleport: 1471400840116
ipAddress: 108.90.227.154
logoutlocation:
  world: world
  x: -43.412074982535266
  y: 60.0
  z: 543.4774039470856
  yaw: 151.45575
  pitch: 17.139177
lastlocation:
  world: world
  x: -139.85970930393472
  y: 71.0
  z: -51.25955489181298
  yaw: 62.096924
  pitch: 29.133076
homes:
  home:
    world: world
    x: -43.99314391992297
    y: 60.0
    z: 543.2331407238376
    yaw: -60.188923
    pitch: 2.8299246
nickname: Ahri
