lastAccountName: BuuTheGreat
timestamps:
  login: 1472152254000
  logout: 1472147578409
  lastteleport: 1472156321177
  kits:
    tools: 1471606905299
ipAddress: 91.159.165.4
logoutlocation:
  world: world
  x: -95.22945388687377
  y: 118.5
  z: -120.24499441010462
  yaw: 205.25296
  pitch: 34.57909
lastlocation:
  world: world
  x: -1261.7210796929398
  y: 68.0
  z: -1558.4779252479866
  yaw: -162.8684
  pitch: 62.480854
homes:
  home:
    world: world
    x: -94.93369714885915
    y: 118.0
    z: -121.91474202141893
    yaw: 20.859581
    pitch: 24.63556
afk: false
godmode: false
nickname: BuuTheGreat
