lastAccountName: BuuTheGreat
timestamps:
  login: 1471615624844
  logout: 1471620998616
  lastteleport: 1471620494725
  kits:
    tools: 1471606905299
ipAddress: 91.159.165.4
logoutlocation:
  world: world
  x: -178.73921003244288
  y: 65.0
  z: -21.58646785826115
  yaw: 299.6073
  pitch: 15.715547
lastlocation:
  world: world
  x: -39.76115443283748
  y: 68.0
  z: 259.8532276205475
  yaw: -2.3622887
  pitch: 27.012589
homes:
  home:
    world: world
    x: -94.93369714885915
    y: 118.0
    z: -121.91474202141893
    yaw: 20.859581
    pitch: 24.63556
afk: false
godmode: false
