lastAccountName: BuuTheGreat
timestamps:
  login: 1471369592877
  logout: 1471375558280
  lastteleport: 1471375495334
  kits:
    tools: 1471340113742
ipAddress: 91.159.162.236
logoutlocation:
  world: world
  x: -181.69260714845066
  y: 65.0
  z: -22.02788162197025
  yaw: -248.36479
  pitch: 38.673546
lastlocation:
  world: world
  x: -480.59874341794796
  y: 11.0
  z: 195.30000001192093
  yaw: 94.263664
  pitch: 9.135288
homes:
  home:
    world: world
    x: -94.93369714885915
    y: 118.0
    z: -121.91474202141893
    yaw: 20.859581
    pitch: 24.63556
afk: false
godmode: false
