lastAccountName: BuuTheGreat
timestamps:
  login: 1471205142367
  logout: 1471206382103
  lastteleport: 1471204816072
ipAddress: 91.159.165.4
logoutlocation:
  world: world
  x: -183.00897720288313
  y: 65.0
  z: -22.933253083040317
  yaw: 220.83691
  pitch: 27.413866
lastlocation:
  world: world
  x: 97.577292094734
  y: 11.0
  z: 155.30000001192093
  yaw: -86.938354
  pitch: 5.771941
homes:
  home:
    world: world
    x: -94.93369714885915
    y: 118.0
    z: -121.91474202141893
    yaw: 20.859581
    pitch: 24.63556
afk: false
