lastAccountName: BuuTheGreat
timestamps:
  login: 1471269285539
  logout: 1471248376360
  lastteleport: 1471269393205
ipAddress: 91.159.165.4
logoutlocation:
  world: world
  x: -173.21516300689788
  y: 67.5
  z: 47.538866395219735
  yaw: -81.5126
  pitch: 36.041447
lastlocation:
  world: world
  x: -173.21516300689788
  y: 67.5
  z: 47.538866395219735
  yaw: -247.19035
  pitch: 17.177872
homes:
  home:
    world: world
    x: -94.93369714885915
    y: 118.0
    z: -121.91474202141893
    yaw: 20.859581
    pitch: 24.63556
afk: false
