lastAccountName: BuuTheGreat
timestamps:
  login: 1471340833955
  logout: 1471340828693
  lastteleport: 1471345187589
  kits:
    tools: 1471340113742
ipAddress: 91.159.165.4
logoutlocation:
  world: world
  x: -1266.6943465658192
  y: 16.0
  z: 129.72347622143488
  yaw: 88.8584
  pitch: 6.072667
lastlocation:
  world: world
  x: -183.59134860579448
  y: 65.0
  z: -22.883521194826415
  yaw: -346.4515
  pitch: 38.381027
homes:
  home:
    world: world
    x: -94.93369714885915
    y: 118.0
    z: -121.91474202141893
    yaw: 20.859581
    pitch: 24.63556
afk: false
godmode: false
