lastAccountName: BuuTheGreat
timestamps:
  login: 1472216147009
  logout: 1472219128445
  lastteleport: 1472218594188
  kits:
    tools: 1471606905299
ipAddress: 91.159.165.4
logoutlocation:
  world: world
  x: -93.86004357462193
  y: 118.0
  z: -123.50491912603165
  yaw: 72.72339
  pitch: 68.35829
lastlocation:
  world: world
  x: -248.1251031053788
  y: 77.0
  z: 262.1994526160396
  yaw: 135.47621
  pitch: 24.205118
homes:
  home:
    world: world
    x: -94.93369714885915
    y: 118.0
    z: -121.91474202141893
    yaw: 20.859581
    pitch: 24.63556
afk: false
godmode: false
nickname: BuuTheGreat
