lastAccountName: BuuTheGreat
timestamps:
  login: 1471849815144
  logout: 1471853609854
  lastteleport: 1471853547532
  kits:
    tools: 1471606905299
ipAddress: 91.159.165.4
logoutlocation:
  world: world
  x: -94.04339345325857
  y: 118.0
  z: -124.81038734330738
  yaw: 286.99683
  pitch: 29.168674
lastlocation:
  world: world
  x: -122.2323530017184
  y: 63.0
  z: 24.223058578049802
  yaw: 189.22363
  pitch: 51.68802
homes:
  home:
    world: world
    x: -94.93369714885915
    y: 118.0
    z: -121.91474202141893
    yaw: 20.859581
    pitch: 24.63556
afk: false
godmode: false
nickname: BuuTheGreat
