lastAccountName: BuuTheGreat
timestamps:
  login: 1471601893595
  logout: 1471600934973
  lastteleport: 1471601924682
  kits:
    tools: 1471340113742
ipAddress: 91.159.165.4
logoutlocation:
  world: world
  x: -14.917295467866523
  y: 63.0
  z: 190.70954199266353
  yaw: 200.33195
  pitch: 17.364151
lastlocation:
  world: world
  x: -26.12956016763125
  y: 64.0
  z: 178.6496794261021
  yaw: 356.21252
  pitch: 10.345181
homes:
  home:
    world: world
    x: -94.93369714885915
    y: 118.0
    z: -121.91474202141893
    yaw: 20.859581
    pitch: 24.63556
afk: false
godmode: false
