lastAccountName: BuuTheGreat
timestamps:
  login: 1472455185182
  logout: 1472456841081
  lastteleport: 1472456819833
  kits:
    tools: 1471606905299
ipAddress: 91.159.165.4
logoutlocation:
  world: world
  x: -93.97998151222194
  y: 118.0
  z: -122.55165280041412
  yaw: -158.27121
  pitch: 20.979822
lastlocation:
  world: world
  x: -490.30000001192093
  y: 61.0
  z: 21.69999998807907
  yaw: -77.11459
  pitch: 89.56131
homes:
  home:
    world: world
    x: -94.93369714885915
    y: 118.0
    z: -121.91474202141893
    yaw: 20.859581
    pitch: 24.63556
afk: false
godmode: false
nickname: BuuTheGreat
