lastAccountName: BuuTheGreat
timestamps:
  login: 1471817557264
  logout: 1471817907905
  lastteleport: 1471815446842
  kits:
    tools: 1471606905299
ipAddress: 85.76.16.150
logoutlocation:
  world: world
  x: -39.5
  y: 68.0
  z: 259.5
  yaw: -0.89999604
  pitch: 10.049995
lastlocation:
  world: world
  x: -93.9541556040498
  y: 120.5
  z: -118.02605090671418
  yaw: 159.79044
  pitch: 50.32263
homes:
  home:
    world: world
    x: -94.93369714885915
    y: 118.0
    z: -121.91474202141893
    yaw: 20.859581
    pitch: 24.63556
afk: false
godmode: false
nickname: BuuTheGreat
