lastAccountName: BuuTheGreat
timestamps:
  login: 1471550152137
  logout: 1471553564734
  lastteleport: 1471553326199
  kits:
    tools: 1471340113742
ipAddress: 91.159.165.4
logoutlocation:
  world: world
  x: -94.50610644673726
  y: 118.0
  z: -120.95497708209665
  yaw: 4.179779
  pitch: 26.536482
lastlocation:
  world: world
  x: -39.76115443283748
  y: 68.0
  z: 259.8532276205475
  yaw: -28.82978
  pitch: 63.277443
homes:
  home:
    world: world
    x: -94.93369714885915
    y: 118.0
    z: -121.91474202141893
    yaw: 20.859581
    pitch: 24.63556
afk: false
godmode: false
