lastAccountName: BuuTheGreat
timestamps:
  login: 1471968479311
  logout: 1471968993434
  lastteleport: 1471941998622
  kits:
    tools: 1471606905299
ipAddress: 91.159.165.4
logoutlocation:
  world: world
  x: -173.22279206825047
  y: 70.0
  z: 42.58421522254243
  yaw: 324.5448
  pitch: 38.23485
lastlocation:
  world: world
  x: -27.12247920762652
  y: 71.0
  z: -45.77988468528007
  yaw: 30.949013
  pitch: 27.706392
homes:
  home:
    world: world
    x: -94.93369714885915
    y: 118.0
    z: -121.91474202141893
    yaw: 20.859581
    pitch: 24.63556
afk: false
godmode: false
nickname: BuuTheGreat
