lastAccountName: BuuTheGreat
timestamps:
  login: 1471355404688
  logout: 1471360506631
  lastteleport: 1471359856628
  kits:
    tools: 1471340113742
ipAddress: 91.159.165.4
logoutlocation:
  world: world
  x: -183.29327592651583
  y: 65.0
  z: -21.14300519683509
  yaw: 94.4292
  pitch: 27.998764
lastlocation:
  world: world
  x: -607.5441806799171
  y: 9.0
  z: -18.69999998807907
  yaw: 188.70325
  pitch: 50.51813
homes:
  home:
    world: world
    x: -94.93369714885915
    y: 118.0
    z: -121.91474202141893
    yaw: 20.859581
    pitch: 24.63556
afk: false
godmode: false
