lastAccountName: BuuTheGreat
timestamps:
  login: 1472586296884
  logout: 1472587450090
  lastteleport: 1472587447909
  kits:
    tools: 1471606905299
ipAddress: 91.159.165.4
logoutlocation:
  world: world
  x: -94.5
  y: 118.0
  z: -121.5
  yaw: 20.859581
  pitch: 24.63556
lastlocation:
  world: world
  x: -241.3070593255888
  y: 65.0
  z: -502.42976698829136
  yaw: -52.14673
  pitch: 24.050669
homes:
  home:
    world: world
    x: -94.93369714885915
    y: 118.0
    z: -121.91474202141893
    yaw: 20.859581
    pitch: 24.63556
afk: false
godmode: false
nickname: buu
