lastAccountName: BuuTheGreat
timestamps:
  login: 1472300233921
  logout: 1472302659508
  lastteleport: 1472302117404
  kits:
    tools: 1471606905299
ipAddress: 85.76.84.64
logoutlocation:
  world: world
  x: -155.88223990839745
  y: 64.8500000178814
  z: -36.5078736549292
  yaw: 267.23294
  pitch: 38.188595
lastlocation:
  world: world
  x: -356.37287480380206
  y: 93.0
  z: 114.46556826354366
  yaw: 310.80872
  pitch: 26.147144
homes:
  home:
    world: world
    x: -94.93369714885915
    y: 118.0
    z: -121.91474202141893
    yaw: 20.859581
    pitch: 24.63556
afk: false
godmode: false
nickname: BuuTheGreat
