lastAccountName: BuuTheGreat
timestamps:
  login: 1472252086204
  logout: 1472253152705
  lastteleport: 1472218594188
  kits:
    tools: 1471606905299
ipAddress: 188.238.69.109
logoutlocation:
  world: world
  x: -506.46423349310726
  y: 62.0
  z: -1720.6451834441395
  yaw: 86.61194
  pitch: 18.571016
lastlocation:
  world: world
  x: -248.1251031053788
  y: 77.0
  z: 262.1994526160396
  yaw: 135.47621
  pitch: 24.205118
homes:
  home:
    world: world
    x: -94.93369714885915
    y: 118.0
    z: -121.91474202141893
    yaw: 20.859581
    pitch: 24.63556
afk: false
godmode: false
nickname: BuuTheGreat
