lastAccountName: BuuTheGreat
timestamps:
  login: 1472120320424
  logout: 1472121284702
  lastteleport: 1472114758139
  kits:
    tools: 1471606905299
ipAddress: 91.159.165.4
logoutlocation:
  world: world
  x: -1286.3959926764614
  y: 72.0
  z: -1056.4606758833474
  yaw: 58.08264
  pitch: 24.197409
lastlocation:
  world: world
  x: -496.07499998807907
  y: 72.0
  z: 11.658466392205916
  yaw: -114.66217
  pitch: 43.06042
homes:
  home:
    world: world
    x: -94.93369714885915
    y: 118.0
    z: -121.91474202141893
    yaw: 20.859581
    pitch: 24.63556
afk: false
godmode: false
nickname: BuuTheGreat
