lastAccountName: BuuTheGreat
timestamps:
  login: 1471285138456
  logout: 1471290213754
  lastteleport: 1471289038491
ipAddress: 91.159.165.4
logoutlocation:
  world: world
  x: -4734.060271371285
  y: 64.0
  z: 10543.801705954538
  yaw: -199.19214
  pitch: 15.138957
lastlocation:
  world: world
  x: -39.5
  y: 68.0
  z: 256.5
  yaw: 0.0
  pitch: 0.0
homes:
  home:
    world: world
    x: -94.93369714885915
    y: 118.0
    z: -121.91474202141893
    yaw: 20.859581
    pitch: 24.63556
afk: false
godmode: false
