lastAccountName: BuuTheGreat
timestamps:
  login: 1471593793093
  logout: 1471595400746
  lastteleport: 1471595363012
  kits:
    tools: 1471340113742
ipAddress: 91.159.165.4
logoutlocation:
  world: world
  x: -182.77049840139748
  y: 65.0
  z: -20.76779365722092
  yaw: 97.93902
  pitch: 24.635605
lastlocation:
  world: world
  x: -339.69999998807907
  y: 16.0
  z: 63.30000001192093
  yaw: 255.53174
  pitch: 44.96164
homes:
  home:
    world: world
    x: -94.93369714885915
    y: 118.0
    z: -121.91474202141893
    yaw: 20.859581
    pitch: 24.63556
afk: false
godmode: false
