lastAccountName: BuuTheGreat
timestamps:
  login: 1472499112278
  logout: 1472501120410
  lastteleport: 1472501117731
  kits:
    tools: 1471606905299
ipAddress: 91.159.165.4
logoutlocation:
  world: world
  x: -94.5
  y: 118.0
  z: -121.5
  yaw: 20.859581
  pitch: 24.63556
lastlocation:
  world: world
  x: -135.78298143220104
  y: 68.0
  z: 1598.7411565791142
  yaw: -82.128395
  pitch: 22.588333
homes:
  home:
    world: world
    x: -94.93369714885915
    y: 118.0
    z: -121.91474202141893
    yaw: 20.859581
    pitch: 24.63556
afk: false
godmode: false
nickname: BuuTheGreat
