lastAccountName: BuuTheGreat
timestamps:
  login: 1471894224800
  logout: 1471898131482
  lastteleport: 1471897718210
  kits:
    tools: 1471606905299
ipAddress: 91.159.165.4
logoutlocation:
  world: world
  x: -95.13079233329067
  y: 80.0
  z: -34.20645877228986
  yaw: -251.68361
  pitch: 20.871046
lastlocation:
  world: world
  x: -183.55373110222678
  y: 70.0
  z: -24.62733614732864
  yaw: 1.0526943
  pitch: 45.69255
homes:
  home:
    world: world
    x: -94.93369714885915
    y: 118.0
    z: -121.91474202141893
    yaw: 20.859581
    pitch: 24.63556
afk: false
godmode: false
nickname: BuuTheGreat
