lastAccountName: BuuTheGreat
timestamps:
  login: 1472161579888
  logout: 1472161610275
  lastteleport: 1472159262830
  kits:
    tools: 1471606905299
ipAddress: 85.76.84.64
logoutlocation:
  world: world
  x: -94.69999998807907
  y: 118.0
  z: -120.90321531803575
  yaw: 41.03922
  pitch: 64.4099
lastlocation:
  world: world_the_end
  x: 2059.334529226393
  y: 58.0
  z: -3052.2565742569145
  yaw: -26.794872
  pitch: 26.299759
homes:
  home:
    world: world
    x: -94.93369714885915
    y: 118.0
    z: -121.91474202141893
    yaw: 20.859581
    pitch: 24.63556
afk: false
godmode: false
nickname: BuuTheGreat
