lastAccountName: BuuTheGreat
timestamps:
  login: 1471279243570
  logout: 1471282204875
  lastteleport: 1471281579127
ipAddress: 91.159.165.4
logoutlocation:
  world: world
  x: -165.1967971672756
  y: 69.0
  z: 23.40310599550574
  yaw: 318.51855
  pitch: 31.508413
lastlocation:
  world: world
  x: -404.73063593975604
  y: 12.0
  z: 113.32489923978595
  yaw: 291.0297
  pitch: 29.899706
homes:
  home:
    world: world
    x: -94.93369714885915
    y: 118.0
    z: -121.91474202141893
    yaw: 20.859581
    pitch: 24.63556
afk: false
