lastAccountName: BuuTheGreat
timestamps:
  login: 1471337511278
  logout: 1471336200242
  lastteleport: 1471335740351
ipAddress: 91.159.165.4
logoutlocation:
  world: world
  x: -914.6280207026299
  y: 10.0
  z: 98.58615197831247
  yaw: 90.348656
  pitch: 13.091758
lastlocation:
  world: world
  x: -184.3399525829156
  y: 65.0
  z: -25.0452717961936
  yaw: -336.37872
  pitch: 45.400085
homes:
  home:
    world: world
    x: -94.93369714885915
    y: 118.0
    z: -121.91474202141893
    yaw: 20.859581
    pitch: 24.63556
afk: false
godmode: false
