lastAccountName: BuuTheGreat
timestamps:
  login: 1471632710096
  logout: 1471629560416
  lastteleport: 1471632741220
  kits:
    tools: 1471606905299
ipAddress: 91.159.165.4
logoutlocation:
  world: world
  x: -39.5
  y: 68.0
  z: 259.5
  yaw: -0.89999604
  pitch: 10.049995
lastlocation:
  world: world
  x: -39.5
  y: 68.0
  z: 259.5
  yaw: 2.3170323
  pitch: 39.44207
homes:
  home:
    world: world
    x: -94.93369714885915
    y: 118.0
    z: -121.91474202141893
    yaw: 20.859581
    pitch: 24.63556
afk: false
godmode: false
