lastAccountName: BuuTheGreat
timestamps:
  login: 1472334245698
  logout: 1472338686608
  lastteleport: 1472337095398
  kits:
    tools: 1471606905299
ipAddress: 85.76.84.64
logoutlocation:
  world: world
  x: -36.65700478868844
  y: 73.0
  z: 252.15780995024986
  yaw: 130.67378
  pitch: 46.724365
lastlocation:
  world: world
  x: -98.13749998807907
  y: 118.0
  z: -118.69999998807907
  yaw: 240.49597
  pitch: 40.72078
homes:
  home:
    world: world
    x: -94.93369714885915
    y: 118.0
    z: -121.91474202141893
    yaw: 20.859581
    pitch: 24.63556
afk: false
godmode: false
nickname: BuuTheGreat
