lastAccountName: BuuTheGreat
timestamps:
  login: 1471941642001
  logout: 1471942341916
  lastteleport: 1471941998622
  kits:
    tools: 1471606905299
ipAddress: 91.159.165.4
logoutlocation:
  world: world
  x: -183.56321418029967
  y: 70.0
  z: -26.51161151924098
  yaw: 0.6398926
  pitch: 29.659473
lastlocation:
  world: world
  x: -27.12247920762652
  y: 71.0
  z: -45.77988468528007
  yaw: 30.949013
  pitch: 27.706392
homes:
  home:
    world: world
    x: -94.93369714885915
    y: 118.0
    z: -121.91474202141893
    yaw: 20.859581
    pitch: 24.63556
afk: false
godmode: false
nickname: BuuTheGreat
