lastAccountName: BuuTheGreat
timestamps:
  login: 1471457841400
  logout: 1471463340820
  lastteleport: 1471463338606
  kits:
    tools: 1471340113742
ipAddress: 91.159.165.4
logoutlocation:
  world: world
  x: -94.5
  y: 118.0
  z: -121.5
  yaw: 20.859581
  pitch: 24.63556
lastlocation:
  world: world
  x: -156.022549532184
  y: 63.9375
  z: -27.36195446771081
  yaw: -291.22662
  pitch: 12.790976
homes:
  home:
    world: world
    x: -94.93369714885915
    y: 118.0
    z: -121.91474202141893
    yaw: 20.859581
    pitch: 24.63556
afk: false
godmode: false
