lastAccountName: BuuTheGreat
timestamps:
  login: 1471971666430
  logout: 1471974776798
  lastteleport: 1471974716631
  kits:
    tools: 1471606905299
ipAddress: 91.159.165.4
logoutlocation:
  world: world
  x: -93.32142463165579
  y: 119.0
  z: -126.24812147600261
  yaw: 18.38971
  pitch: 24.343134
lastlocation:
  world: world
  x: -183.20925152180666
  y: 70.0
  z: -28.049743158307265
  yaw: 2.0603638
  pitch: 32.901436
homes:
  home:
    world: world
    x: -94.93369714885915
    y: 118.0
    z: -121.91474202141893
    yaw: 20.859581
    pitch: 24.63556
afk: false
godmode: false
nickname: BuuTheGreat
