lastAccountName: BuuTheGreat
timestamps:
  login: 1471417066779
  logout: 1471421310482
  lastteleport: 1471421040255
  kits:
    tools: 1471340113742
ipAddress: 91.159.165.4
logoutlocation:
  world: world
  x: -92.5
  y: 121.0
  z: -119.5
  yaw: -190.60437
  pitch: 21.418528
lastlocation:
  world: world
  x: -330.5577607617145
  y: 68.0
  z: -417.628385065981
  yaw: 359.83466
  pitch: 27.267473
homes:
  home:
    world: world
    x: -94.93369714885915
    y: 118.0
    z: -121.91474202141893
    yaw: 20.859581
    pitch: 24.63556
afk: false
godmode: false
