lastAccountName: egger49
timestamps:
  login: 1471659192651
  lastteleport: 1471661339262
  logout: 1471662081477
ipAddress: 99.247.164.202
lastlocation:
  world: world
  x: 7708.699999988079
  y: 12.0
  z: 9708.44842790455
  yaw: -355.84164
  pitch: 41.999958
homes:
  home:
    world: world
    x: 7556.093090066549
    y: 173.0
    z: 9481.821121589232
    yaw: 351.70834
    pitch: 1.7999308
nickname: hotub99
logoutlocation:
  world: world
  x: 7555.834473606187
  y: 173.0
  z: 9492.137499988079
  yaw: 187.90936
  pitch: 13.799904
afk: false
godmode: false
