lastAccountName: egger49
timestamps:
  login: 1471837524079
  lastteleport: 1471847478363
  logout: 1471848904462
ipAddress: 99.247.164.202
lastlocation:
  world: world_nether
  x: 993.8714329118684
  y: 47.0
  z: 1778.5712646273228
  yaw: 20.507782
  pitch: 58.350014
homes:
  home:
    world: world
    x: 7556.093090066549
    y: 173.0
    z: 9481.821121589232
    yaw: 351.70834
    pitch: 1.7999308
nickname: DonaldTrump
logoutlocation:
  world: world
  x: 7555.7958589693635
  y: 173.0
  z: 9489.311731335256
  yaw: -213.94174
  pitch: 41.850025
afk: false
godmode: false
