lastAccountName: egger49
timestamps:
  login: 1471917332943
  lastteleport: 1471906814924
  logout: 1471917519959
ipAddress: 99.247.164.202
lastlocation:
  world: world
  x: 7504.4673805495995
  y: 67.0
  z: 9445.253761741442
  yaw: 286.458
  pitch: 9.600017
homes:
  home:
    world: world
    x: 7556.093090066549
    y: 173.0
    z: 9481.821121589232
    yaw: 351.70834
    pitch: 1.7999308
nickname: DonaldTrump
logoutlocation:
  world: world
  x: 7495.482125534998
  y: 67.0
  z: 9439.000891579923
  yaw: -60.491703
  pitch: 53.099953
afk: false
godmode: false
