lastAccountName: egger49
timestamps:
  login: 1471553788162
  lastteleport: 1471544452705
  logout: 1471554008003
ipAddress: 99.247.164.202
lastlocation:
  world: world_nether
  x: 1058.7588928008809
  y: 67.0
  z: 1153.78522963507
  yaw: 95.787315
  pitch: 28.649933
homes:
  home:
    world: world
    x: 7556.093090066549
    y: 173.0
    z: 9481.821121589232
    yaw: 351.70834
    pitch: 1.7999308
nickname: Jesus
logoutlocation:
  world: world
  x: 7542.69905919993
  y: 158.0
  z: 9480.534230062476
  yaw: -183.19212
  pitch: 0.7500057
afk: false
