lastAccountName: egger49
timestamps:
  login: 1472187412598
  lastteleport: 1472187662556
  logout: 1472187677453
ipAddress: 99.247.164.202
lastlocation:
  world: world
  x: 7477.2498347663695
  y: 83.0
  z: 9473.94362538738
  yaw: -45.64218
  pitch: 8.250011
homes:
  home:
    world: world
    x: 7556.093090066549
    y: 173.0
    z: 9481.821121589232
    yaw: 351.70834
    pitch: 1.7999308
nickname: DonaldTrump
logoutlocation:
  world: world
  x: 7558.507368220991
  y: 173.0
  z: 9482.806151423509
  yaw: 342.85843
  pitch: 4.499932
afk: false
godmode: false
