lastAccountName: egger49
timestamps:
  login: 1471831814024
  lastteleport: 1471831842316
  logout: 1471831853801
ipAddress: 99.247.164.202
lastlocation:
  world: world_the_end
  x: -2719.491161470518
  y: 142.0
  z: -3161.267250964829
  yaw: 141.23978
  pitch: -90.0
homes:
  home:
    world: world
    x: 7556.093090066549
    y: 173.0
    z: 9481.821121589232
    yaw: 351.70834
    pitch: 1.7999308
nickname: DonaldTrump
logoutlocation:
  world: world
  x: 7556.5
  y: 173.0
  z: 9481.5
  yaw: 351.70834
  pitch: 1.7999308
afk: false
godmode: false
