lastAccountName: egger49
timestamps:
  login: 1471825465791
  lastteleport: 1471831147031
  logout: 1471822928783
ipAddress: 99.247.164.202
lastlocation:
  world: world
  x: -39.76115443283748
  y: 68.0
  z: 259.8532276205475
  yaw: -0.89999604
  pitch: 10.049995
homes:
  home:
    world: world
    x: 7556.093090066549
    y: 173.0
    z: 9481.821121589232
    yaw: 351.70834
    pitch: 1.7999308
nickname: DonaldTrump
logoutlocation:
  world: world
  x: 7556.5
  y: 173.0
  z: 9481.5
  yaw: 351.70834
  pitch: 1.7999308
afk: false
godmode: false
