lastAccountName: egger49
timestamps:
  login: 1471492304193
  lastteleport: 1471491060826
  logout: 1471494832885
ipAddress: 99.247.164.202
lastlocation:
  world: world
  x: 7545.300000011921
  y: 163.0
  z: 9496.300000011921
  yaw: 231.5615
  pitch: 39.75
homes:
  home:
    world: world
    x: 7556.093090066549
    y: 173.0
    z: 9481.821121589232
    yaw: 351.70834
    pitch: 1.7999308
nickname: Jesus
logoutlocation:
  world: world
  x: 7556.927336616716
  y: 173.0
  z: 9483.344097532496
  yaw: 110.50955
  pitch: 10.949957
afk: false
