lastAccountName: egger49
timestamps:
  login: 1471991143234
  lastteleport: 1471978330497
  logout: 1471991177118
ipAddress: 99.247.164.202
lastlocation:
  world: world
  x: 7550.863817249835
  y: 66.0
  z: 9338.49750989143
  yaw: 195.69415
  pitch: -2.8499966
homes:
  home:
    world: world
    x: 7556.093090066549
    y: 173.0
    z: 9481.821121589232
    yaw: 351.70834
    pitch: 1.7999308
nickname: DonaldTrump
logoutlocation:
  world: world
  x: 7556.855201165399
  y: 178.0
  z: 9478.181321579026
  yaw: 244.60826
  pitch: 22.499935
afk: false
godmode: false
