lastAccountName: egger49
timestamps:
  login: 1471485080019
  lastteleport: 1471475144557
  logout: 1471484608329
ipAddress: 99.247.164.202
lastlocation:
  world: world
  x: 7851.2500058571195
  y: 34.0
  z: 9450.622983393387
  yaw: 30.400444
  pitch: 28.799978
homes:
  home:
    world: world
    x: 7556.093090066549
    y: 173.0
    z: 9481.821121589232
    yaw: 351.70834
    pitch: 1.7999308
nickname: Jesus
logoutlocation:
  world: world
  x: 7549.512499988079
  y: 173.0
  z: 9488.674339887457
  yaw: -194.7417
  pitch: 7.7999015
afk: false
