lastAccountName: egger49
timestamps:
  login: 1471406421479
  lastteleport: 1471413599942
  logout: 1471413660535
ipAddress: 99.247.164.202
lastlocation:
  world: world
  x: 4148.280604130125
  y: 70.0
  z: 673.7480868274229
  yaw: -104.55496
  pitch: 6.6002226
homes:
  home:
    world: world
    x: 963.7216166767514
    y: 109.0
    z: 769.5163941960551
    yaw: 10.803466
    pitch: 26.100014
nickname: Jesus
logoutlocation:
  world: world
  x: 964.4779192088209
  y: 109.0
  z: 769.7067366124232
  yaw: -72.1465
  pitch: 24.600018
