lastAccountName: egger49
timestamps:
  login: 1472010446210
  lastteleport: 1472010724789
  logout: 1472010807473
ipAddress: 99.247.164.202
lastlocation:
  world: world
  x: -39.76115443283748
  y: 68.0
  z: 259.8532276205475
  yaw: -9.449996
  pitch: 0.29999638
homes:
  home:
    world: world
    x: 7556.093090066549
    y: 173.0
    z: 9481.821121589232
    yaw: 351.70834
    pitch: 1.7999308
nickname: DonaldTrump
logoutlocation:
  world: world
  x: 7554.41029712406
  y: 173.0
  z: 9484.512499988079
  yaw: -112.8419
  pitch: 30.74997
afk: false
godmode: false
