lastAccountName: egger49
timestamps:
  login: 1471613137114
  lastteleport: 1471614187134
  logout: 1471615349028
ipAddress: 99.247.164.202
lastlocation:
  world: world
  x: -203.81171839891712
  y: 64.0
  z: -190.68985636548118
  yaw: -156.0769
  pitch: 18.450014
homes:
  home:
    world: world
    x: 7556.093090066549
    y: 173.0
    z: 9481.821121589232
    yaw: 351.70834
    pitch: 1.7999308
nickname: KIlllerkeemstar
logoutlocation:
  world: world
  x: 7556.5
  y: 173.0
  z: 9477.5
  yaw: 217.1525
  pitch: 60.299953
afk: false
