lastAccountName: egger49
timestamps:
  login: 1471656307744
  lastteleport: 1471657096567
  logout: 1471632737269
ipAddress: 99.247.164.202
lastlocation:
  world: world_the_end
  x: -19.5
  y: 47.5
  z: 478.5
  yaw: -174.29956
  pitch: 7.6500134
homes:
  home:
    world: world
    x: 7556.093090066549
    y: 173.0
    z: 9481.821121589232
    yaw: 351.70834
    pitch: 1.7999308
nickname: hotub99
logoutlocation:
  world: world_the_end
  x: -17.572169791132417
  y: 47.5
  z: 473.6665586297126
  yaw: -30.59971
  pitch: 11.849993
afk: false
