lastAccountName: egger49
timestamps:
  login: 1471928722931
  lastteleport: 1471928547433
  logout: 1471928752527
ipAddress: 99.247.164.202
lastlocation:
  world: world
  x: 7494.925000011921
  y: 67.0
  z: 9443.697417291272
  yaw: 358.62112
  pitch: -88.35
homes:
  home:
    world: world
    x: 7556.093090066549
    y: 173.0
    z: 9481.821121589232
    yaw: 351.70834
    pitch: 1.7999308
nickname: DonaldTrump
logoutlocation:
  world: world
  x: 7547.853970509462
  y: 171.9375
  z: 9489.977475193531
  yaw: 190.00838
  pitch: 24.149912
afk: false
godmode: false
