lastAccountName: egger49
timestamps:
  login: 1472239991154
  lastteleport: 1472187662556
  logout: 1472240274552
ipAddress: 99.247.164.202
lastlocation:
  world: world
  x: 7477.2498347663695
  y: 83.0
  z: 9473.94362538738
  yaw: -45.64218
  pitch: 8.250011
homes:
  home:
    world: world
    x: 7556.093090066549
    y: 173.0
    z: 9481.821121589232
    yaw: 351.70834
    pitch: 1.7999308
nickname: DonaldTrump
logoutlocation:
  world: world
  x: 7551.198367037482
  y: 177.0
  z: 9469.01673028193
  yaw: -355.54205
  pitch: 22.349993
afk: false
godmode: false
