lastAccountName: egger49
timestamps:
  login: 1471574907563
  lastteleport: 1471579249954
  logout: 1471579372952
ipAddress: 99.247.164.202
lastlocation:
  world: world
  x: -93.80839154425982
  y: 121.5
  z: -123.27191656182698
  yaw: -207.90051
  pitch: 38.399906
homes:
  home:
    world: world
    x: 7556.093090066549
    y: 173.0
    z: 9481.821121589232
    yaw: 351.70834
    pitch: 1.7999308
nickname: Jesus
logoutlocation:
  world: world
  x: 7544.421355292101
  y: 158.0
  z: 9483.23603149667
  yaw: 245.50836
  pitch: -25.350063
afk: false
