lastAccountName: ISpeirs
timestamps:
  login: 1471395635239
  logout: 1471396216609
ipAddress: 92.236.133.194
lastlocation:
  world: world
  x: -26.206719388722853
  y: 64.0
  z: 555.9624403387435
  yaw: -260.8869
  pitch: 54.468136
logoutlocation:
  world: world
  x: -29.55132325959057
  y: 68.0
  z: 256.33002413196056
  yaw: 4.737727
  pitch: 6.806354
