lastAccountName: UnholyxXxReaper
timestamps:
  login: 1472581833241
  lastteleport: 1472583045191
  logout: 1472584093468
ipAddress: 97.95.164.179
lastlocation:
  world: world
  x: 86.58172369720798
  y: 69.0
  z: 177.51229892394608
  yaw: 159.09975
  pitch: -88.19999
homes:
  home:
    world: world
    x: 93.00996657511283
    y: 82.0
    z: 219.01546880132597
    yaw: 87.70007
    pitch: 18.450018
logoutlocation:
  world: world
  x: 91.19152636080403
  y: 82.0
  z: 219.01458250397675
  yaw: 201.39185
  pitch: 19.200045
