lastAccountName: UnholyxXxReaper
timestamps:
  login: 1472601609358
  lastteleport: 1472602056849
  logout: 1472602060350
ipAddress: 97.95.164.179
lastlocation:
  world: world
  x: -204.03128900325245
  y: 61.0
  z: 219.08822765955716
  yaw: 153.84998
  pitch: 46.499985
homes:
  home:
    world: world
    x: 93.00996657511283
    y: 82.0
    z: 219.01546880132597
    yaw: 87.70007
    pitch: 18.450018
logoutlocation:
  world: world
  x: 93.5
  y: 82.0
  z: 219.5
  yaw: 87.70007
  pitch: 18.450018
