lastAccountName: RoodZ_420
timestamps:
  login: 1472565809082
  logout: 1472568480280
  lastteleport: 1472568269223
ipAddress: 178.135.82.56
logoutlocation:
  world: world
  x: -153.5
  y: 72.0
  z: 162.5
  yaw: 130.32547
  pitch: 8.633626
lastlocation:
  world: world
  x: -247.63950059745792
  y: 78.0
  z: -391.6259390187902
  yaw: -144.92691
  pitch: 21.534212
homes:
  home:
    world: world
    x: -153.0706906285367
    y: 72.0
    z: 162.76517312718872
    yaw: 209.82544
    pitch: 15.233621
afk: false
godmode: false
