lastAccountName: RoodZ_420
timestamps:
  login: 1472526167130
  logout: 1472526589435
  lastteleport: 1472524573574
ipAddress: 178.135.119.129
logoutlocation:
  world: world
  x: -151.66706269447144
  y: 62.0
  z: 175.30000001192093
  yaw: -249.47433
  pitch: 16.49992
lastlocation:
  world: world
  x: 13.712614911904746
  y: 77.0
  z: -1.6768683116582044
  yaw: -188.12909
  pitch: 3.00013
homes:
  home:
    world: world
    x: -153.0706906285367
    y: 72.0
    z: 162.76517312718872
    yaw: 209.82544
    pitch: 15.233621
afk: false
godmode: false
