lastAccountName: RoodZ_420
timestamps:
  login: 1472594965868
  logout: 1472601898567
  lastteleport: 1472600708414
ipAddress: 178.135.119.131
logoutlocation:
  world: world
  x: -151.36490982639373
  y: 72.0
  z: 158.23278021021144
  yaw: -60.323807
  pitch: 9.383475
lastlocation:
  world: world
  x: -186.92533995767457
  y: 17.0
  z: 183.56862418801697
  yaw: 19.316162
  pitch: 18.899908
homes:
  home:
    world: world
    x: -153.0706906285367
    y: 72.0
    z: 162.76517312718872
    yaw: 209.82544
    pitch: 15.233621
afk: false
godmode: false
