lastAccountName: RoodZ_420
timestamps:
  login: 1472594965868
  logout: 1472568480280
  lastteleport: 1472600708414
ipAddress: 178.135.119.131
logoutlocation:
  world: world
  x: -153.5
  y: 72.0
  z: 162.5
  yaw: 130.32547
  pitch: 8.633626
lastlocation:
  world: world
  x: -186.92533995767457
  y: 17.0
  z: 183.56862418801697
  yaw: 19.316162
  pitch: 18.899908
homes:
  home:
    world: world
    x: -153.0706906285367
    y: 72.0
    z: 162.76517312718872
    yaw: 209.82544
    pitch: 15.233621
afk: true
godmode: false
