lastAccountName: RoodZ_420
timestamps:
  login: 1472614082872
  logout: 1472614200628
  lastteleport: 1472600708414
ipAddress: 178.135.119.132
logoutlocation:
  world: world
  x: -138.14376393430757
  y: 27.226864989788808
  z: 203.54456802736937
  yaw: 333.27676
  pitch: 4.8000712
lastlocation:
  world: world
  x: -186.92533995767457
  y: 17.0
  z: 183.56862418801697
  yaw: 19.316162
  pitch: 18.899908
homes:
  home:
    world: world
    x: -153.0706906285367
    y: 72.0
    z: 162.76517312718872
    yaw: 209.82544
    pitch: 15.233621
afk: false
godmode: false
