lastAccountName: I_R_TARD
timestamps:
  login: 1471207689831
  lastteleport: 1471103546981
  logout: 1471207864419
ipAddress: 90.227.27.126
lastlocation:
  world: world
  x: 49.350226405365284
  y: 11.0
  z: 139.54884058901575
  yaw: -211.6385
  pitch: 24.981298
logoutlocation:
  world: world
  x: -140.06538313954013
  y: 64.0
  z: -12.073376842579169
  yaw: -241.49913
  pitch: 12.265514
