lastAccountName: I_R_TARD
timestamps:
  login: 1472381661637
  lastteleport: 1472218125288
  logout: 1472381865766
ipAddress: 90.227.27.126
lastlocation:
  world: world_nether
  x: 172.67543776452672
  y: 47.0
  z: 351.5687808754382
  yaw: 154.21613
  pitch: 3.2198946
logoutlocation:
  world: world
  x: -511.27957868734444
  y: 24.0
  z: 2010.0938159973105
  yaw: 122.5258
  pitch: -9.313901
afk: false
homes:
  home:
    world: world
    x: -513.9916548945578
    y: 64.0
    z: 1986.3186544715322
    yaw: 214.70935
    pitch: 25.791357
money: '0'
godmode: false
