lastAccountName: I_R_TARD
timestamps:
  login: 1471551825835
  lastteleport: 1471555847637
  logout: 1471557731686
ipAddress: 90.227.27.126
lastlocation:
  world: world
  x: -488.98197233057414
  y: 82.0
  z: 2033.58630072763
  yaw: -183.79747
  pitch: 0.6739892
logoutlocation:
  world: world
  x: -514.2193890113297
  y: 64.0
  z: 1994.510288087039
  yaw: -23.211803
  pitch: 15.501262
afk: false
homes:
  home:
    world: world
    x: -513.9916548945578
    y: 64.0
    z: 1986.3186544715322
    yaw: 214.70935
    pitch: 25.791357
