lastAccountName: I_R_TARD
timestamps:
  login: 1471296434086
  lastteleport: 1471103546981
  logout: 1471296473264
ipAddress: 90.227.27.126
lastlocation:
  world: world
  x: 49.350226405365284
  y: 11.0
  z: 139.54884058901575
  yaw: -211.6385
  pitch: 24.981298
logoutlocation:
  world: world
  x: -126.3306085898523
  y: 77.0
  z: -22.541510084990307
  yaw: -297.7046
  pitch: 19.315788
