lastAccountName: I_R_TARD
timestamps:
  login: 1472490629066
  lastteleport: 1472218125288
  logout: 1472491002382
ipAddress: 90.227.27.126
lastlocation:
  world: world_nether
  x: 172.67543776452672
  y: 47.0
  z: 351.5687808754382
  yaw: 154.21613
  pitch: 3.2198946
logoutlocation:
  world: world
  x: -514.1780950461537
  y: 64.0
  z: 1991.970500409501
  yaw: 24.260458
  pitch: 21.260166
afk: false
homes:
  home:
    world: world
    x: -513.9916548945578
    y: 64.0
    z: 1986.3186544715322
    yaw: 214.70935
    pitch: 25.791357
money: '0'
godmode: false
