lastAccountName: I_R_TARD
timestamps:
  login: 1471109023607
  lastteleport: 1471103546981
  logout: 1471112151370
ipAddress: 78.73.231.113
lastlocation:
  world: world
  x: 49.350226405365284
  y: 11.0
  z: 139.54884058901575
  yaw: -211.6385
  pitch: 24.981298
logoutlocation:
  world: world
  x: -97.14634093541586
  y: 117.0
  z: -113.83584281040726
  yaw: -102.078705
  pitch: 12.424174
