lastAccountName: I_R_TARD
timestamps:
  login: 1471372952829
  lastteleport: 1471380206127
  logout: 1471382115601
ipAddress: 90.227.27.126
lastlocation:
  world: world
  x: -760.3537160741898
  y: 75.0
  z: -183.88881925101578
  yaw: 98.84996
  pitch: 1.6769491
logoutlocation:
  world: world
  x: -268.39721339383357
  y: 80.0
  z: 172.414566489524
  yaw: 61.21277
  pitch: 10.527036
afk: false
