lastAccountName: I_R_TARD
timestamps:
  login: 1471463223089
  lastteleport: 1471452741496
  logout: 1471464006459
ipAddress: 90.227.27.126
lastlocation:
  world: world
  x: -39.5
  y: 68.0
  z: 256.5
  yaw: -0.3916793
  pitch: 0.5875191
logoutlocation:
  world: world
  x: -509.3000000119207
  y: 64.0
  z: 1987.699999988079
  yaw: -259.38922
  pitch: 3.0470164
afk: false
homes:
  home:
    world: world
    x: -514.6817552648174
    y: 63.0
    z: 1982.9394037442362
    yaw: 249.20676
    pitch: 5.2949696
