lastAccountName: I_R_TARD
timestamps:
  login: 1471360459527
  lastteleport: 1471351510205
  logout: 1471360467026
ipAddress: 90.227.27.126
lastlocation:
  world: world
  x: -1473.76489426429
  y: 11.0
  z: 2.349145083998232
  yaw: -238.51842
  pitch: 12.25154
logoutlocation:
  world: world
  x: -705.7742236729686
  y: 90.0
  z: -1096.4602289335164
  yaw: 11.919419
  pitch: 21.041285
afk: false
