lastAccountName: I_R_TARD
timestamps:
  login: 1471635726279
  lastteleport: 1471615057855
  logout: 1471644008715
ipAddress: 90.227.27.126
lastlocation:
  world: world
  x: -432.30000001192093
  y: 19.0
  z: 2033.6176582936632
  yaw: -187.75195
  pitch: 42.019245
logoutlocation:
  world: world
  x: -514.436765746058
  y: 64.0
  z: 1995.692836885825
  yaw: 336.9256
  pitch: 48.67802
afk: false
homes:
  home:
    world: world
    x: -513.9916548945578
    y: 64.0
    z: 1986.3186544715322
    yaw: 214.70935
    pitch: 25.791357
money: '0'
