lastAccountName: I_R_TARD
timestamps:
  login: 1472054351986
  lastteleport: 1471876909952
  logout: 1472057375724
ipAddress: 90.227.27.126
lastlocation:
  world: world
  x: -39.76115443283748
  y: 68.0
  z: 259.8532276205475
  yaw: 7.716964
  pitch: 11.420876
logoutlocation:
  world: world
  x: -514.1371867032708
  y: 64.0
  z: 1995.3211061421175
  yaw: -24.270142
  pitch: 46.523617
afk: false
homes:
  home:
    world: world
    x: -513.9916548945578
    y: 64.0
    z: 1986.3186544715322
    yaw: 214.70935
    pitch: 25.791357
money: '0'
godmode: false
