lastAccountName: I_R_TARD
timestamps:
  login: 1472067298237
  lastteleport: 1472067383293
  logout: 1472068331261
ipAddress: 90.227.27.126
lastlocation:
  world: world
  x: -513.3541679471008
  y: 64.0
  z: 1986.3148457299346
  yaw: -153.91615
  pitch: 5.9847355
logoutlocation:
  world: world_nether
  x: 171.59051200986636
  y: 46.0
  z: 349.69999998807907
  yaw: -189.97816
  pitch: -6.549099
afk: false
homes:
  home:
    world: world
    x: -513.9916548945578
    y: 64.0
    z: 1986.3186544715322
    yaw: 214.70935
    pitch: 25.791357
money: '0'
godmode: false
