lastAccountName: Purplewalrus101
timestamps:
  login: 1471556893733
  logout: 1471557078082
ipAddress: 45.26.163.130
logoutlocation:
  world: world
  x: -39.754563568582704
  y: 68.0
  z: 222.37827668541064
  yaw: -172.89337
  pitch: 7.3346605
