lastAccountName: iVeloxus
timestamps:
  login: 1472332915805
  logout: 1472333005261
ipAddress: 172.219.150.222
logoutlocation:
  world: world
  x: -19.343817414766463
  y: 63.5
  z: 208.58980658748828
  yaw: -89.687126
  pitch: 20.221518
