lastAccountName: CamiTho
timestamps:
  login: 1471295533671
  logout: 1471295556067
ipAddress: 104.229.6.83
logoutlocation:
  world: world
  x: 234.20122808243423
  y: 22.0
  z: 122.73984282639913
  yaw: 17.873413
  pitch: 14.143494
