lastAccountName: flowers101
timestamps:
  login: 1470865243595
  logout: 1470865265815
ipAddress: 68.111.175.57
logoutlocation:
  world: world
  x: -52.178193619406166
  y: 68.0
  z: 221.95833070773963
  yaw: 169.8
  pitch: 7.650021
