lastAccountName: flowers101
timestamps:
  login: 1472329250657
  logout: 1472329347717
ipAddress: 68.111.175.57
logoutlocation:
  world: world
  x: -41.85348173628951
  y: 68.0
  z: 266.4213637902647
  yaw: 286.8002
  pitch: 29.100006
