lastAccountName: LimpBiscuit
timestamps:
  login: 1471303474877
  kits:
    tools: 1471308253457
  lastteleport: 1471307678062
  logout: 1471308325919
ipAddress: 72.197.213.159
lastlocation:
  world: world
  x: -58.22271284126844
  y: 41.0
  z: 562.5621849889635
  yaw: 291.47455
  pitch: 14.100059
nickname: RhinoDude981
homes:
  home:
    world: world
    x: -45.32573702896562
    y: 59.0
    z: 539.185809705608
    yaw: -88.16189
    pitch: 44.100006
afk: false
logoutlocation:
  world: world
  x: -322.27299849702104
  y: 63.09375
  z: 660.2426354677738
  yaw: 28.218658
  pitch: 19.49997
