lastAccountName: LimpBiscuit
timestamps:
  login: 1471396589286
  kits:
    tools: 1471308253457
  lastteleport: 1471400719536
  logout: 1471400882350
ipAddress: 72.197.213.159
lastlocation:
  world: world
  x: 118.96208914290713
  y: 63.0
  z: 299.23947473618523
  yaw: -189.26349
  pitch: 22.350025
nickname: egger50
homes:
  home:
    world: world
    x: -45.32573702896562
    y: 59.0
    z: 539.185809705608
    yaw: -88.16189
    pitch: 44.100006
afk: false
logoutlocation:
  world: world
  x: -48.70191133639464
  y: 63.0
  z: 537.3239068863687
  yaw: 180.15001
  pitch: 17.400047
