lastAccountName: LimpBiscuit
timestamps:
  login: 1471292357723
  kits:
    tools: 1470857172232
  lastteleport: 1471294156874
  logout: 1471292334491
ipAddress: 72.197.213.159
lastlocation:
  world: world
  x: -43.45245977643286
  y: 68.0
  z: 261.6820113970898
  yaw: -177.89993
  pitch: 24.599998
nickname: RhinoDude981
homes:
  home:
    world: world
    x: -45.32573702896562
    y: 59.0
    z: 539.185809705608
    yaw: -88.16189
    pitch: 44.100006
afk: false
logoutlocation:
  world: world
  x: -36.85108677546167
  y: 63.0
  z: 183.3170906784378
  yaw: 45.43872
  pitch: 11.700005
