lastAccountName: MikeHawk69
timestamps:
  login: 1472338138222
  logout: 1472340158474
  lastteleport: 1472339110550
ipAddress: 78.149.235.204
nickname: DownWithMexico
logoutlocation:
  world: world
  x: -25.4407300851337
  y: 69.0
  z: 146.33055193983392
  yaw: 37.135742
  pitch: 3.8136854
lastlocation:
  world: world
  x: 9.962829002597802
  y: 70.02159999847412
  z: 136.63556731641035
  yaw: -309.99924
  pitch: 9.678282
afk: false
