spawns: 
  default: 
    world: world
    x: -39.36301261048517
    y: 68.0
    z: 256.4314347000022
    yaw: -181.24994
    pitch: 1.9499964
