spawns: 
  default: 
    world: world
    x: -39.76115443283748
    y: 68.0
    z: 259.8532276205475
    yaw: -0.89999604
    pitch: 10.049995
